0.000000000000000000e+00,1.000000000000000000e+03,5.000000000000000000e+02,5.000000000000000000e+01,0.000000000000000000e+00,0.000000000000000000e+00,2.000000000000000000e+01,2.500000000000000000e+02,nan
0.000000000000000000e+00,1.000000000000000000e+03,5.000000000000000000e+02,5.000000000000000000e+01,0.000000000000000000e+00,0.000000000000000000e+00,3.000000000000000000e+01,2.500000000000000000e+02,nan
0.000000000000000000e+00,1.000000000000000000e+03,5.000000000000000000e+02,5.000000000000000000e+01,0.000000000000000000e+00,0.000000000000000000e+00,4.000000000000000000e+01,2.500000000000000000e+02,nan
0.000000000000000000e+00,1.000000000000000000e+03,5.000000000000000000e+02,5.000000000000000000e+01,0.000000000000000000e+00,0.000000000000000000e+00,6.000000000000000000e+01,2.500000000000000000e+02,nan
0.000000000000000000e+00,1.000000000000000000e+03,5.000000000000000000e+02,5.000000000000000000e+01,0.000000000000000000e+00,0.000000000000000000e+00,2.000000000000000000e+01,5.000000000000000000e+02,nan
0.000000000000000000e+00,1.000000000000000000e+03,5.000000000000000000e+02,5.000000000000000000e+01,0.000000000000000000e+00,0.000000000000000000e+00,3.000000000000000000e+01,5.000000000000000000e+02,nan
0.000000000000000000e+00,1.000000000000000000e+03,5.000000000000000000e+02,5.000000000000000000e+01,0.000000000000000000e+00,0.000000000000000000e+00,4.000000000000000000e+01,5.000000000000000000e+02,nan
0.000000000000000000e+00,1.000000000000000000e+03,5.000000000000000000e+02,5.000000000000000000e+01,0.000000000000000000e+00,0.000000000000000000e+00,6.000000000000000000e+01,5.000000000000000000e+02,nan
1.000000000000000000e+00,1.000000000000000000e+03,5.000000000000000000e+02,5.000000000000000000e+01,0.000000000000000000e+00,0.000000000000000000e+00,2.000000000000000000e+01,2.500000000000000000e+02,nan
1.000000000000000000e+00,1.000000000000000000e+03,5.000000000000000000e+02,5.000000000000000000e+01,0.000000000000000000e+00,0.000000000000000000e+00,3.000000000000000000e+01,2.500000000000000000e+02,nan
1.000000000000000000e+00,1.000000000000000000e+03,5.000000000000000000e+02,5.000000000000000000e+01,0.000000000000000000e+00,0.000000000000000000e+00,4.000000000000000000e+01,2.500000000000000000e+02,nan
1.000000000000000000e+00,1.000000000000000000e+03,5.000000000000000000e+02,5.000000000000000000e+01,0.000000000000000000e+00,0.000000000000000000e+00,6.000000000000000000e+01,2.500000000000000000e+02,nan
1.000000000000000000e+00,1.000000000000000000e+03,5.000000000000000000e+02,5.000000000000000000e+01,0.000000000000000000e+00,0.000000000000000000e+00,2.000000000000000000e+01,5.000000000000000000e+02,nan
1.000000000000000000e+00,1.000000000000000000e+03,5.000000000000000000e+02,5.000000000000000000e+01,0.000000000000000000e+00,0.000000000000000000e+00,3.000000000000000000e+01,5.000000000000000000e+02,nan
1.000000000000000000e+00,1.000000000000000000e+03,5.000000000000000000e+02,5.000000000000000000e+01,0.000000000000000000e+00,0.000000000000000000e+00,4.000000000000000000e+01,5.000000000000000000e+02,nan
1.000000000000000000e+00,1.000000000000000000e+03,5.000000000000000000e+02,5.000000000000000000e+01,0.000000000000000000e+00,0.000000000000000000e+00,6.000000000000000000e+01,5.000000000000000000e+02,nan
2.000000000000000000e+00,1.000000000000000000e+03,5.000000000000000000e+02,5.000000000000000000e+01,0.000000000000000000e+00,0.000000000000000000e+00,2.000000000000000000e+01,2.500000000000000000e+02,nan
2.000000000000000000e+00,1.000000000000000000e+03,5.000000000000000000e+02,5.000000000000000000e+01,0.000000000000000000e+00,0.000000000000000000e+00,3.000000000000000000e+01,2.500000000000000000e+02,nan
2.000000000000000000e+00,1.000000000000000000e+03,5.000000000000000000e+02,5.000000000000000000e+01,0.000000000000000000e+00,0.000000000000000000e+00,4.000000000000000000e+01,2.500000000000000000e+02,nan
2.000000000000000000e+00,1.000000000000000000e+03,5.000000000000000000e+02,5.000000000000000000e+01,0.000000000000000000e+00,0.000000000000000000e+00,6.000000000000000000e+01,2.500000000000000000e+02,nan
2.000000000000000000e+00,1.000000000000000000e+03,5.000000000000000000e+02,5.000000000000000000e+01,0.000000000000000000e+00,0.000000000000000000e+00,2.000000000000000000e+01,5.000000000000000000e+02,nan
2.000000000000000000e+00,1.000000000000000000e+03,5.000000000000000000e+02,5.000000000000000000e+01,0.000000000000000000e+00,0.000000000000000000e+00,3.000000000000000000e+01,5.000000000000000000e+02,nan
2.000000000000000000e+00,1.000000000000000000e+03,5.000000000000000000e+02,5.000000000000000000e+01,0.000000000000000000e+00,0.000000000000000000e+00,4.000000000000000000e+01,5.000000000000000000e+02,nan
2.000000000000000000e+00,1.000000000000000000e+03,5.000000000000000000e+02,5.000000000000000000e+01,0.000000000000000000e+00,0.000000000000000000e+00,6.000000000000000000e+01,5.000000000000000000e+02,nan
3.000000000000000000e+00,1.000000000000000000e+03,5.000000000000000000e+02,5.000000000000000000e+01,0.000000000000000000e+00,0.000000000000000000e+00,2.000000000000000000e+01,2.500000000000000000e+02,nan
3.000000000000000000e+00,1.000000000000000000e+03,5.000000000000000000e+02,5.000000000000000000e+01,0.000000000000000000e+00,0.000000000000000000e+00,3.000000000000000000e+01,2.500000000000000000e+02,nan
3.000000000000000000e+00,1.000000000000000000e+03,5.000000000000000000e+02,5.000000000000000000e+01,0.000000000000000000e+00,0.000000000000000000e+00,4.000000000000000000e+01,2.500000000000000000e+02,nan
3.000000000000000000e+00,1.000000000000000000e+03,5.000000000000000000e+02,5.000000000000000000e+01,0.000000000000000000e+00,0.000000000000000000e+00,6.000000000000000000e+01,2.500000000000000000e+02,nan
3.000000000000000000e+00,1.000000000000000000e+03,5.000000000000000000e+02,5.000000000000000000e+01,0.000000000000000000e+00,0.000000000000000000e+00,2.000000000000000000e+01,5.000000000000000000e+02,nan
3.000000000000000000e+00,1.000000000000000000e+03,5.000000000000000000e+02,5.000000000000000000e+01,0.000000000000000000e+00,0.000000000000000000e+00,3.000000000000000000e+01,5.000000000000000000e+02,nan
3.000000000000000000e+00,1.000000000000000000e+03,5.000000000000000000e+02,5.000000000000000000e+01,0.000000000000000000e+00,0.000000000000000000e+00,4.000000000000000000e+01,5.000000000000000000e+02,nan
3.000000000000000000e+00,1.000000000000000000e+03,5.000000000000000000e+02,5.000000000000000000e+01,0.000000000000000000e+00,0.000000000000000000e+00,6.000000000000000000e+01,5.000000000000000000e+02,nan
4.000000000000000000e+00,1.000000000000000000e+03,5.000000000000000000e+02,5.000000000000000000e+01,0.000000000000000000e+00,0.000000000000000000e+00,2.000000000000000000e+01,2.500000000000000000e+02,nan
4.000000000000000000e+00,1.000000000000000000e+03,5.000000000000000000e+02,5.000000000000000000e+01,0.000000000000000000e+00,0.000000000000000000e+00,3.000000000000000000e+01,2.500000000000000000e+02,nan
4.000000000000000000e+00,1.000000000000000000e+03,5.000000000000000000e+02,5.000000000000000000e+01,0.000000000000000000e+00,0.000000000000000000e+00,4.000000000000000000e+01,2.500000000000000000e+02,nan
4.000000000000000000e+00,1.000000000000000000e+03,5.000000000000000000e+02,5.000000000000000000e+01,0.000000000000000000e+00,0.000000000000000000e+00,6.000000000000000000e+01,2.500000000000000000e+02,nan
4.000000000000000000e+00,1.000000000000000000e+03,5.000000000000000000e+02,5.000000000000000000e+01,0.000000000000000000e+00,0.000000000000000000e+00,2.000000000000000000e+01,5.000000000000000000e+02,nan
4.000000000000000000e+00,1.000000000000000000e+03,5.000000000000000000e+02,5.000000000000000000e+01,0.000000000000000000e+00,0.000000000000000000e+00,3.000000000000000000e+01,5.000000000000000000e+02,nan
4.000000000000000000e+00,1.000000000000000000e+03,5.000000000000000000e+02,5.000000000000000000e+01,0.000000000000000000e+00,0.000000000000000000e+00,4.000000000000000000e+01,5.000000000000000000e+02,nan
4.000000000000000000e+00,1.000000000000000000e+03,5.000000000000000000e+02,5.000000000000000000e+01,0.000000000000000000e+00,0.000000000000000000e+00,6.000000000000000000e+01,5.000000000000000000e+02,nan
5.000000000000000000e+00,1.000000000000000000e+03,5.000000000000000000e+02,5.000000000000000000e+01,0.000000000000000000e+00,0.000000000000000000e+00,2.000000000000000000e+01,2.500000000000000000e+02,nan
5.000000000000000000e+00,1.000000000000000000e+03,5.000000000000000000e+02,5.000000000000000000e+01,0.000000000000000000e+00,0.000000000000000000e+00,3.000000000000000000e+01,2.500000000000000000e+02,nan
5.000000000000000000e+00,1.000000000000000000e+03,5.000000000000000000e+02,5.000000000000000000e+01,0.000000000000000000e+00,0.000000000000000000e+00,4.000000000000000000e+01,2.500000000000000000e+02,nan
5.000000000000000000e+00,1.000000000000000000e+03,5.000000000000000000e+02,5.000000000000000000e+01,0.000000000000000000e+00,0.000000000000000000e+00,6.000000000000000000e+01,2.500000000000000000e+02,nan
5.000000000000000000e+00,1.000000000000000000e+03,5.000000000000000000e+02,5.000000000000000000e+01,0.000000000000000000e+00,0.000000000000000000e+00,2.000000000000000000e+01,5.000000000000000000e+02,nan
5.000000000000000000e+00,1.000000000000000000e+03,5.000000000000000000e+02,5.000000000000000000e+01,0.000000000000000000e+00,0.000000000000000000e+00,3.000000000000000000e+01,5.000000000000000000e+02,nan
5.000000000000000000e+00,1.000000000000000000e+03,5.000000000000000000e+02,5.000000000000000000e+01,0.000000000000000000e+00,0.000000000000000000e+00,4.000000000000000000e+01,5.000000000000000000e+02,nan
5.000000000000000000e+00,1.000000000000000000e+03,5.000000000000000000e+02,5.000000000000000000e+01,0.000000000000000000e+00,0.000000000000000000e+00,6.000000000000000000e+01,5.000000000000000000e+02,nan
6.000000000000000000e+00,1.000000000000000000e+03,5.000000000000000000e+02,5.000000000000000000e+01,0.000000000000000000e+00,0.000000000000000000e+00,2.000000000000000000e+01,2.500000000000000000e+02,nan
6.000000000000000000e+00,1.000000000000000000e+03,5.000000000000000000e+02,5.000000000000000000e+01,0.000000000000000000e+00,0.000000000000000000e+00,3.000000000000000000e+01,2.500000000000000000e+02,nan
6.000000000000000000e+00,1.000000000000000000e+03,5.000000000000000000e+02,5.000000000000000000e+01,0.000000000000000000e+00,0.000000000000000000e+00,4.000000000000000000e+01,2.500000000000000000e+02,nan
6.000000000000000000e+00,1.000000000000000000e+03,5.000000000000000000e+02,5.000000000000000000e+01,0.000000000000000000e+00,0.000000000000000000e+00,6.000000000000000000e+01,2.500000000000000000e+02,nan
6.000000000000000000e+00,1.000000000000000000e+03,5.000000000000000000e+02,5.000000000000000000e+01,0.000000000000000000e+00,0.000000000000000000e+00,2.000000000000000000e+01,5.000000000000000000e+02,nan
6.000000000000000000e+00,1.000000000000000000e+03,5.000000000000000000e+02,5.000000000000000000e+01,0.000000000000000000e+00,0.000000000000000000e+00,3.000000000000000000e+01,5.000000000000000000e+02,nan
6.000000000000000000e+00,1.000000000000000000e+03,5.000000000000000000e+02,5.000000000000000000e+01,0.000000000000000000e+00,0.000000000000000000e+00,4.000000000000000000e+01,5.000000000000000000e+02,nan
6.000000000000000000e+00,1.000000000000000000e+03,5.000000000000000000e+02,5.000000000000000000e+01,0.000000000000000000e+00,0.000000000000000000e+00,6.000000000000000000e+01,5.000000000000000000e+02,nan
7.000000000000000000e+00,1.000000000000000000e+03,5.000000000000000000e+02,5.000000000000000000e+01,0.000000000000000000e+00,0.000000000000000000e+00,2.000000000000000000e+01,2.500000000000000000e+02,nan
7.000000000000000000e+00,1.000000000000000000e+03,5.000000000000000000e+02,5.000000000000000000e+01,0.000000000000000000e+00,0.000000000000000000e+00,3.000000000000000000e+01,2.500000000000000000e+02,nan
7.000000000000000000e+00,1.000000000000000000e+03,5.000000000000000000e+02,5.000000000000000000e+01,0.000000000000000000e+00,0.000000000000000000e+00,4.000000000000000000e+01,2.500000000000000000e+02,nan
7.000000000000000000e+00,1.000000000000000000e+03,5.000000000000000000e+02,5.000000000000000000e+01,0.000000000000000000e+00,0.000000000000000000e+00,6.000000000000000000e+01,2.500000000000000000e+02,nan
7.000000000000000000e+00,1.000000000000000000e+03,5.000000000000000000e+02,5.000000000000000000e+01,0.000000000000000000e+00,0.000000000000000000e+00,2.000000000000000000e+01,5.000000000000000000e+02,nan
7.000000000000000000e+00,1.000000000000000000e+03,5.000000000000000000e+02,5.000000000000000000e+01,0.000000000000000000e+00,0.000000000000000000e+00,3.000000000000000000e+01,5.000000000000000000e+02,nan
7.000000000000000000e+00,1.000000000000000000e+03,5.000000000000000000e+02,5.000000000000000000e+01,0.000000000000000000e+00,0.000000000000000000e+00,4.000000000000000000e+01,5.000000000000000000e+02,nan
7.000000000000000000e+00,1.000000000000000000e+03,5.000000000000000000e+02,5.000000000000000000e+01,0.000000000000000000e+00,0.000000000000000000e+00,6.000000000000000000e+01,5.000000000000000000e+02,nan
8.000000000000000000e+00,1.000000000000000000e+03,5.000000000000000000e+02,5.000000000000000000e+01,0.000000000000000000e+00,0.000000000000000000e+00,2.000000000000000000e+01,2.500000000000000000e+02,nan
8.000000000000000000e+00,1.000000000000000000e+03,5.000000000000000000e+02,5.000000000000000000e+01,0.000000000000000000e+00,0.000000000000000000e+00,3.000000000000000000e+01,2.500000000000000000e+02,nan
8.000000000000000000e+00,1.000000000000000000e+03,5.000000000000000000e+02,5.000000000000000000e+01,0.000000000000000000e+00,0.000000000000000000e+00,4.000000000000000000e+01,2.500000000000000000e+02,nan
8.000000000000000000e+00,1.000000000000000000e+03,5.000000000000000000e+02,5.000000000000000000e+01,0.000000000000000000e+00,0.000000000000000000e+00,6.000000000000000000e+01,2.500000000000000000e+02,nan
8.000000000000000000e+00,1.000000000000000000e+03,5.000000000000000000e+02,5.000000000000000000e+01,0.000000000000000000e+00,0.000000000000000000e+00,2.000000000000000000e+01,5.000000000000000000e+02,nan
8.000000000000000000e+00,1.000000000000000000e+03,5.000000000000000000e+02,5.000000000000000000e+01,0.000000000000000000e+00,0.000000000000000000e+00,3.000000000000000000e+01,5.000000000000000000e+02,nan
8.000000000000000000e+00,1.000000000000000000e+03,5.000000000000000000e+02,5.000000000000000000e+01,0.000000000000000000e+00,0.000000000000000000e+00,4.000000000000000000e+01,5.000000000000000000e+02,nan
8.000000000000000000e+00,1.000000000000000000e+03,5.000000000000000000e+02,5.000000000000000000e+01,0.000000000000000000e+00,0.000000000000000000e+00,6.000000000000000000e+01,5.000000000000000000e+02,nan
9.000000000000000000e+00,1.000000000000000000e+03,5.000000000000000000e+02,5.000000000000000000e+01,0.000000000000000000e+00,0.000000000000000000e+00,2.000000000000000000e+01,2.500000000000000000e+02,nan
9.000000000000000000e+00,1.000000000000000000e+03,5.000000000000000000e+02,5.000000000000000000e+01,0.000000000000000000e+00,0.000000000000000000e+00,3.000000000000000000e+01,2.500000000000000000e+02,nan
9.000000000000000000e+00,1.000000000000000000e+03,5.000000000000000000e+02,5.000000000000000000e+01,0.000000000000000000e+00,0.000000000000000000e+00,4.000000000000000000e+01,2.500000000000000000e+02,nan
1.000000000000000000e+01,1.000000000000000000e+03,5.000000000000000000e+02,5.000000000000000000e+01,1.000000000000000056e-01,1.000000000000000056e-01,2.000000000000000000e+01,2.500000000000000000e+02,2.244897959183673741e-01
1.000000000000000000e+01,1.000000000000000000e+03,5.000000000000000000e+02,5.000000000000000000e+01,1.000000000000000056e-01,1.000000000000000056e-01,3.000000000000000000e+01,2.500000000000000000e+02,2.653061224489795533e-01
2.000000000000000000e+01,1.000000000000000000e+03,5.000000000000000000e+02,5.000000000000000000e+01,1.000000000000000056e-01,1.000000000000000056e-01,2.000000000000000000e+01,2.500000000000000000e+02,3.541666666666666297e-01
1.000000000000000000e+01,1.000000000000000000e+03,5.000000000000000000e+02,5.000000000000000000e+01,1.000000000000000056e-01,1.000000000000000056e-01,4.000000000000000000e+01,2.500000000000000000e+02,2.857142857142856984e-01
2.000000000000000000e+01,1.000000000000000000e+03,5.000000000000000000e+02,5.000000000000000000e+01,1.000000000000000056e-01,1.000000000000000056e-01,3.000000000000000000e+01,2.500000000000000000e+02,3.958333333333333703e-01
2.000000000000000000e+01,1.000000000000000000e+03,5.000000000000000000e+02,5.000000000000000000e+01,1.000000000000000056e-01,1.000000000000000056e-01,4.000000000000000000e+01,2.500000000000000000e+02,3.750000000000000000e-01
2.000000000000000000e+01,1.000000000000000000e+03,5.000000000000000000e+02,5.000000000000000000e+01,1.000000000000000056e-01,1.000000000000000056e-01,6.000000000000000000e+01,2.500000000000000000e+02,3.750000000000000000e-01
1.000000000000000000e+01,1.000000000000000000e+03,5.000000000000000000e+02,5.000000000000000000e+01,1.000000000000000056e-01,1.000000000000000056e-01,6.000000000000000000e+01,2.500000000000000000e+02,2.857142857142856984e-01
2.000000000000000000e+01,1.000000000000000000e+03,5.000000000000000000e+02,5.000000000000000000e+01,1.000000000000000056e-01,1.000000000000000056e-01,2.000000000000000000e+01,5.000000000000000000e+02,1.250000000000000000e-01
2.000000000000000000e+01,1.000000000000000000e+03,5.000000000000000000e+02,5.000000000000000000e+01,1.000000000000000056e-01,1.000000000000000056e-01,3.000000000000000000e+01,5.000000000000000000e+02,3.541666666666666297e-01
2.000000000000000000e+01,1.000000000000000000e+03,5.000000000000000000e+02,5.000000000000000000e+01,1.000000000000000056e-01,1.000000000000000056e-01,4.000000000000000000e+01,5.000000000000000000e+02,3.541666666666666297e-01
1.000000000000000000e+01,1.000000000000000000e+03,5.000000000000000000e+02,5.000000000000000000e+01,1.000000000000000056e-01,1.000000000000000056e-01,2.000000000000000000e+01,5.000000000000000000e+02,2.244897959183673741e-01
2.000000000000000000e+01,1.000000000000000000e+03,5.000000000000000000e+02,5.000000000000000000e+01,1.000000000000000056e-01,1.000000000000000056e-01,6.000000000000000000e+01,5.000000000000000000e+02,4.375000000000000000e-01
1.000000000000000000e+01,1.000000000000000000e+03,5.000000000000000000e+02,5.000000000000000000e+01,1.000000000000000056e-01,1.000000000000000056e-01,3.000000000000000000e+01,5.000000000000000000e+02,2.653061224489795533e-01
2.000000000000000000e+01,1.000000000000000000e+03,5.000000000000000000e+02,5.000000000000000000e+01,1.000000000000000056e-01,2.000000000000000111e-01,2.000000000000000000e+01,2.500000000000000000e+02,4.141414141414141437e-01
2.000000000000000000e+01,1.000000000000000000e+03,5.000000000000000000e+02,5.000000000000000000e+01,1.000000000000000056e-01,2.000000000000000111e-01,3.000000000000000000e+01,2.500000000000000000e+02,4.242424242424241987e-01
1.000000000000000000e+01,1.000000000000000000e+03,5.000000000000000000e+02,5.000000000000000000e+01,1.000000000000000056e-01,1.000000000000000056e-01,4.000000000000000000e+01,5.000000000000000000e+02,2.653061224489795533e-01
2.000000000000000000e+01,1.000000000000000000e+03,5.000000000000000000e+02,5.000000000000000000e+01,1.000000000000000056e-01,2.000000000000000111e-01,4.000000000000000000e+01,2.500000000000000000e+02,4.343434343434343647e-01
2.000000000000000000e+01,1.000000000000000000e+03,5.000000000000000000e+02,5.000000000000000000e+01,1.000000000000000056e-01,2.000000000000000111e-01,6.000000000000000000e+01,2.500000000000000000e+02,4.242424242424241987e-01
1.000000000000000000e+01,1.000000000000000000e+03,5.000000000000000000e+02,5.000000000000000000e+01,1.000000000000000056e-01,1.000000000000000056e-01,6.000000000000000000e+01,5.000000000000000000e+02,3.469387755102041337e-01
2.000000000000000000e+01,1.000000000000000000e+03,5.000000000000000000e+02,5.000000000000000000e+01,1.000000000000000056e-01,2.000000000000000111e-01,2.000000000000000000e+01,5.000000000000000000e+02,3.939393939393939226e-01
2.000000000000000000e+01,1.000000000000000000e+03,5.000000000000000000e+02,5.000000000000000000e+01,1.000000000000000056e-01,2.000000000000000111e-01,3.000000000000000000e+01,5.000000000000000000e+02,3.434343434343434254e-01
2.000000000000000000e+01,1.000000000000000000e+03,5.000000000000000000e+02,5.000000000000000000e+01,1.000000000000000056e-01,2.000000000000000111e-01,4.000000000000000000e+01,5.000000000000000000e+02,3.737373737373737015e-01
2.000000000000000000e+01,1.000000000000000000e+03,5.000000000000000000e+02,5.000000000000000000e+01,1.000000000000000056e-01,2.000000000000000111e-01,6.000000000000000000e+01,5.000000000000000000e+02,4.141414141414141437e-01
1.000000000000000000e+01,1.000000000000000000e+03,5.000000000000000000e+02,5.000000000000000000e+01,1.000000000000000056e-01,2.000000000000000111e-01,2.000000000000000000e+01,2.500000000000000000e+02,1.868131868131868156e-01
1.000000000000000000e+01,1.000000000000000000e+03,5.000000000000000000e+02,5.000000000000000000e+01,1.000000000000000056e-01,2.000000000000000111e-01,3.000000000000000000e+01,2.500000000000000000e+02,2.087912087912088266e-01
1.000000000000000000e+01,1.000000000000000000e+03,5.000000000000000000e+02,5.000000000000000000e+01,1.000000000000000056e-01,2.000000000000000111e-01,4.000000000000000000e+01,2.500000000000000000e+02,2.417582417582417875e-01
9.000000000000000000e+00,1.000000000000000000e+03,5.000000000000000000e+02,5.000000000000000000e+01,0.000000000000000000e+00,0.000000000000000000e+00,6.000000000000000000e+01,2.500000000000000000e+02,nan
1.000000000000000000e+01,1.000000000000000000e+03,5.000000000000000000e+02,5.000000000000000000e+01,1.000000000000000056e-01,2.000000000000000111e-01,6.000000000000000000e+01,2.500000000000000000e+02,2.637362637362636875e-01
9.000000000000000000e+00,1.000000000000000000e+03,5.000000000000000000e+02,5.000000000000000000e+01,0.000000000000000000e+00,0.000000000000000000e+00,2.000000000000000000e+01,5.000000000000000000e+02,nan
1.000000000000000000e+01,1.000000000000000000e+03,5.000000000000000000e+02,5.000000000000000000e+01,1.000000000000000056e-01,2.000000000000000111e-01,2.000000000000000000e+01,5.000000000000000000e+02,1.318681318681318437e-01
1.000000000000000000e+01,1.000000000000000000e+03,5.000000000000000000e+02,5.000000000000000000e+01,1.000000000000000056e-01,2.000000000000000111e-01,3.000000000000000000e+01,5.000000000000000000e+02,1.648351648351648047e-01
9.000000000000000000e+00,1.000000000000000000e+03,5.000000000000000000e+02,5.000000000000000000e+01,0.000000000000000000e+00,0.000000000000000000e+00,3.000000000000000000e+01,5.000000000000000000e+02,nan
1.000000000000000000e+01,1.000000000000000000e+03,5.000000000000000000e+02,5.000000000000000000e+01,1.000000000000000056e-01,2.000000000000000111e-01,4.000000000000000000e+01,5.000000000000000000e+02,1.648351648351648047e-01
9.000000000000000000e+00,1.000000000000000000e+03,5.000000000000000000e+02,5.000000000000000000e+01,0.000000000000000000e+00,0.000000000000000000e+00,4.000000000000000000e+01,5.000000000000000000e+02,nan
1.000000000000000000e+01,1.000000000000000000e+03,5.000000000000000000e+02,5.000000000000000000e+01,1.000000000000000056e-01,2.000000000000000111e-01,6.000000000000000000e+01,5.000000000000000000e+02,2.087912087912088266e-01
1.000000000000000000e+01,1.000000000000000000e+03,5.000000000000000000e+02,5.000000000000000000e+01,1.000000000000000056e-01,4.000000000000000222e-01,2.000000000000000000e+01,2.500000000000000000e+02,1.052631578947368363e-01
9.000000000000000000e+00,1.000000000000000000e+03,5.000000000000000000e+02,5.000000000000000000e+01,0.000000000000000000e+00,0.000000000000000000e+00,6.000000000000000000e+01,5.000000000000000000e+02,nan
1.000000000000000000e+01,1.000000000000000000e+03,5.000000000000000000e+02,5.000000000000000000e+01,1.000000000000000056e-01,4.000000000000000222e-01,3.000000000000000000e+01,2.500000000000000000e+02,1.157894736842105532e-01
0.000000000000000000e+00,1.000000000000000000e+03,5.000000000000000000e+02,5.000000000000000000e+01,1.000000000000000056e-01,1.000000000000000056e-01,2.000000000000000000e+01,2.500000000000000000e+02,1.914893617021277139e-01
1.000000000000000000e+01,1.000000000000000000e+03,5.000000000000000000e+02,5.000000000000000000e+01,1.000000000000000056e-01,4.000000000000000222e-01,4.000000000000000000e+01,2.500000000000000000e+02,1.210526315789474117e-01
0.000000000000000000e+00,1.000000000000000000e+03,5.000000000000000000e+02,5.000000000000000000e+01,1.000000000000000056e-01,1.000000000000000056e-01,3.000000000000000000e+01,2.500000000000000000e+02,1.914893617021277139e-01
0.000000000000000000e+00,1.000000000000000000e+03,5.000000000000000000e+02,5.000000000000000000e+01,1.000000000000000056e-01,1.000000000000000056e-01,4.000000000000000000e+01,2.500000000000000000e+02,2.127659574468084847e-01
1.000000000000000000e+01,1.000000000000000000e+03,5.000000000000000000e+02,5.000000000000000000e+01,1.000000000000000056e-01,4.000000000000000222e-01,6.000000000000000000e+01,2.500000000000000000e+02,1.157894736842105532e-01
0.000000000000000000e+00,1.000000000000000000e+03,5.000000000000000000e+02,5.000000000000000000e+01,1.000000000000000056e-01,1.000000000000000056e-01,6.000000000000000000e+01,2.500000000000000000e+02,2.553191489361702482e-01
1.000000000000000000e+01,1.000000000000000000e+03,5.000000000000000000e+02,5.000000000000000000e+01,1.000000000000000056e-01,4.000000000000000222e-01,2.000000000000000000e+01,5.000000000000000000e+02,8.947368421052626086e-02
2.000000000000000000e+01,1.000000000000000000e+03,5.000000000000000000e+02,5.000000000000000000e+01,1.000000000000000056e-01,4.000000000000000222e-01,2.000000000000000000e+01,2.500000000000000000e+02,2.631578947368421462e-01
1.000000000000000000e+01,1.000000000000000000e+03,5.000000000000000000e+02,5.000000000000000000e+01,1.000000000000000056e-01,4.000000000000000222e-01,3.000000000000000000e+01,5.000000000000000000e+02,9.473684210526311933e-02
0.000000000000000000e+00,1.000000000000000000e+03,5.000000000000000000e+02,5.000000000000000000e+01,1.000000000000000056e-01,1.000000000000000056e-01,2.000000000000000000e+01,5.000000000000000000e+02,1.702127659574468321e-01
1.000000000000000000e+01,1.000000000000000000e+03,5.000000000000000000e+02,5.000000000000000000e+01,1.000000000000000056e-01,4.000000000000000222e-01,4.000000000000000000e+01,5.000000000000000000e+02,1.315789473684210176e-01
0.000000000000000000e+00,1.000000000000000000e+03,5.000000000000000000e+02,5.000000000000000000e+01,1.000000000000000056e-01,1.000000000000000056e-01,3.000000000000000000e+01,5.000000000000000000e+02,1.914893617021277139e-01
0.000000000000000000e+00,1.000000000000000000e+03,5.000000000000000000e+02,5.000000000000000000e+01,1.000000000000000056e-01,1.000000000000000056e-01,4.000000000000000000e+01,5.000000000000000000e+02,1.914893617021277139e-01
1.000000000000000000e+01,1.000000000000000000e+03,5.000000000000000000e+02,5.000000000000000000e+01,1.000000000000000056e-01,4.000000000000000222e-01,6.000000000000000000e+01,5.000000000000000000e+02,9.473684210526311933e-02
1.000000000000000000e+01,1.000000000000000000e+03,5.000000000000000000e+02,5.000000000000000000e+01,2.000000000000000111e-01,1.000000000000000056e-01,2.000000000000000000e+01,2.500000000000000000e+02,1.875000000000000000e-01
1.000000000000000000e+01,1.000000000000000000e+03,5.000000000000000000e+02,5.000000000000000000e+01,2.000000000000000111e-01,1.000000000000000056e-01,3.000000000000000000e+01,2.500000000000000000e+02,2.083333333333333703e-01
0.000000000000000000e+00,1.000000000000000000e+03,5.000000000000000000e+02,5.000000000000000000e+01,1.000000000000000056e-01,1.000000000000000056e-01,6.000000000000000000e+01,5.000000000000000000e+02,2.340425531914893664e-01
1.000000000000000000e+01,1.000000000000000000e+03,5.000000000000000000e+02,5.000000000000000000e+01,2.000000000000000111e-01,1.000000000000000056e-01,4.000000000000000000e+01,2.500000000000000000e+02,2.500000000000000000e-01
1.000000000000000000e+01,1.000000000000000000e+03,5.000000000000000000e+02,5.000000000000000000e+01,2.000000000000000111e-01,1.000000000000000056e-01,6.000000000000000000e+01,2.500000000000000000e+02,1.875000000000000000e-01
1.000000000000000000e+01,1.000000000000000000e+03,5.000000000000000000e+02,5.000000000000000000e+01,2.000000000000000111e-01,1.000000000000000056e-01,2.000000000000000000e+01,5.000000000000000000e+02,2.083333333333333703e-01
1.000000000000000000e+01,1.000000000000000000e+03,5.000000000000000000e+02,5.000000000000000000e+01,2.000000000000000111e-01,1.000000000000000056e-01,3.000000000000000000e+01,5.000000000000000000e+02,2.500000000000000000e-01
1.000000000000000000e+01,1.000000000000000000e+03,5.000000000000000000e+02,5.000000000000000000e+01,2.000000000000000111e-01,1.000000000000000056e-01,4.000000000000000000e+01,5.000000000000000000e+02,2.500000000000000000e-01
0.000000000000000000e+00,1.000000000000000000e+03,5.000000000000000000e+02,5.000000000000000000e+01,1.000000000000000056e-01,2.000000000000000111e-01,2.000000000000000000e+01,2.500000000000000000e+02,1.684210526315789158e-01
1.000000000000000000e+01,1.000000000000000000e+03,5.000000000000000000e+02,5.000000000000000000e+01,2.000000000000000111e-01,1.000000000000000056e-01,6.000000000000000000e+01,5.000000000000000000e+02,2.500000000000000000e-01
1.000000000000000000e+01,1.000000000000000000e+03,5.000000000000000000e+02,5.000000000000000000e+01,2.000000000000000111e-01,2.000000000000000111e-01,2.000000000000000000e+01,2.500000000000000000e+02,1.263157894736841591e-01
2.000000000000000000e+01,1.000000000000000000e+03,5.000000000000000000e+02,5.000000000000000000e+01,1.000000000000000056e-01,4.000000000000000222e-01,3.000000000000000000e+01,2.500000000000000000e+02,2.736842105263157521e-01
0.000000000000000000e+00,1.000000000000000000e+03,5.000000000000000000e+02,5.000000000000000000e+01,1.000000000000000056e-01,2.000000000000000111e-01,3.000000000000000000e+01,2.500000000000000000e+02,1.789473684210526327e-01
1.000000000000000000e+01,1.000000000000000000e+03,5.000000000000000000e+02,5.000000000000000000e+01,2.000000000000000111e-01,2.000000000000000111e-01,3.000000000000000000e+01,2.500000000000000000e+02,1.473684210526315930e-01
1.000000000000000000e+01,1.000000000000000000e+03,5.000000000000000000e+02,5.000000000000000000e+01,2.000000000000000111e-01,2.000000000000000111e-01,4.000000000000000000e+01,2.500000000000000000e+02,1.263157894736841591e-01
1.000000000000000000e+01,1.000000000000000000e+03,5.000000000000000000e+02,5.000000000000000000e+01,2.000000000000000111e-01,2.000000000000000111e-01,6.000000000000000000e+01,2.500000000000000000e+02,1.368421052631578760e-01
0.000000000000000000e+00,1.000000000000000000e+03,5.000000000000000000e+02,5.000000000000000000e+01,1.000000000000000056e-01,2.000000000000000111e-01,4.000000000000000000e+01,2.500000000000000000e+02,1.999999999999999556e-01
1.000000000000000000e+01,1.000000000000000000e+03,5.000000000000000000e+02,5.000000000000000000e+01,2.000000000000000111e-01,2.000000000000000111e-01,2.000000000000000000e+01,5.000000000000000000e+02,3.157894736842105088e-01
1.000000000000000000e+01,1.000000000000000000e+03,5.000000000000000000e+02,5.000000000000000000e+01,2.000000000000000111e-01,2.000000000000000111e-01,3.000000000000000000e+01,5.000000000000000000e+02,1.684210526315789158e-01
1.000000000000000000e+01,1.000000000000000000e+03,5.000000000000000000e+02,5.000000000000000000e+01,2.000000000000000111e-01,2.000000000000000111e-01,4.000000000000000000e+01,5.000000000000000000e+02,1.473684210526315930e-01
1.000000000000000000e+01,1.000000000000000000e+03,5.000000000000000000e+02,5.000000000000000000e+01,2.000000000000000111e-01,2.000000000000000111e-01,6.000000000000000000e+01,5.000000000000000000e+02,1.684210526315789158e-01
0.000000000000000000e+00,1.000000000000000000e+03,5.000000000000000000e+02,5.000000000000000000e+01,1.000000000000000056e-01,2.000000000000000111e-01,6.000000000000000000e+01,2.500000000000000000e+02,2.210526315789473895e-01
0.000000000000000000e+00,1.000000000000000000e+03,5.000000000000000000e+02,5.000000000000000000e+01,1.000000000000000056e-01,2.000000000000000111e-01,2.000000000000000000e+01,5.000000000000000000e+02,1.578947368421053099e-01
0.000000000000000000e+00,1.000000000000000000e+03,5.000000000000000000e+02,5.000000000000000000e+01,1.000000000000000056e-01,2.000000000000000111e-01,3.000000000000000000e+01,5.000000000000000000e+02,1.684210526315789158e-01
0.000000000000000000e+00,1.000000000000000000e+03,5.000000000000000000e+02,5.000000000000000000e+01,1.000000000000000056e-01,2.000000000000000111e-01,4.000000000000000000e+01,5.000000000000000000e+02,2.210526315789473895e-01
2.000000000000000000e+01,1.000000000000000000e+03,5.000000000000000000e+02,5.000000000000000000e+01,1.000000000000000056e-01,4.000000000000000222e-01,4.000000000000000000e+01,2.500000000000000000e+02,3.000000000000000444e-01
0.000000000000000000e+00,1.000000000000000000e+03,5.000000000000000000e+02,5.000000000000000000e+01,1.000000000000000056e-01,2.000000000000000111e-01,6.000000000000000000e+01,5.000000000000000000e+02,2.631578947368421462e-01
0.000000000000000000e+00,1.000000000000000000e+03,5.000000000000000000e+02,5.000000000000000000e+01,1.000000000000000056e-01,4.000000000000000222e-01,2.000000000000000000e+01,2.500000000000000000e+02,2.440476190476190688e-01
0.000000000000000000e+00,1.000000000000000000e+03,5.000000000000000000e+02,5.000000000000000000e+01,1.000000000000000056e-01,4.000000000000000222e-01,3.000000000000000000e+01,2.500000000000000000e+02,1.369047619047618625e-01
0.000000000000000000e+00,1.000000000000000000e+03,5.000000000000000000e+02,5.000000000000000000e+01,1.000000000000000056e-01,4.000000000000000222e-01,4.000000000000000000e+01,2.500000000000000000e+02,1.369047619047618625e-01
1.000000000000000000e+01,1.000000000000000000e+03,5.000000000000000000e+02,5.000000000000000000e+01,2.000000000000000111e-01,4.000000000000000222e-01,2.000000000000000000e+01,2.500000000000000000e+02,9.782608695652172948e-02
0.000000000000000000e+00,1.000000000000000000e+03,5.000000000000000000e+02,5.000000000000000000e+01,1.000000000000000056e-01,4.000000000000000222e-01,6.000000000000000000e+01,2.500000000000000000e+02,1.547619047619047672e-01
0.000000000000000000e+00,1.000000000000000000e+03,5.000000000000000000e+02,5.000000000000000000e+01,1.000000000000000056e-01,4.000000000000000222e-01,2.000000000000000000e+01,5.000000000000000000e+02,1.190476190476190688e-01
0.000000000000000000e+00,1.000000000000000000e+03,5.000000000000000000e+02,5.000000000000000000e+01,1.000000000000000056e-01,4.000000000000000222e-01,3.000000000000000000e+01,5.000000000000000000e+02,1.190476190476190688e-01
0.000000000000000000e+00,1.000000000000000000e+03,5.000000000000000000e+02,5.000000000000000000e+01,1.000000000000000056e-01,4.000000000000000222e-01,4.000000000000000000e+01,5.000000000000000000e+02,1.666666666666666297e-01
0.000000000000000000e+00,1.000000000000000000e+03,5.000000000000000000e+02,5.000000000000000000e+01,1.000000000000000056e-01,4.000000000000000222e-01,6.000000000000000000e+01,5.000000000000000000e+02,1.428571428571429047e-01
1.000000000000000000e+01,1.000000000000000000e+03,5.000000000000000000e+02,5.000000000000000000e+01,2.000000000000000111e-01,4.000000000000000222e-01,3.000000000000000000e+01,2.500000000000000000e+02,1.032608695652174058e-01
0.000000000000000000e+00,1.000000000000000000e+03,5.000000000000000000e+02,5.000000000000000000e+01,2.000000000000000111e-01,1.000000000000000056e-01,2.000000000000000000e+01,2.500000000000000000e+02,9.999999999999997780e-02
0.000000000000000000e+00,1.000000000000000000e+03,5.000000000000000000e+02,5.000000000000000000e+01,2.000000000000000111e-01,1.000000000000000056e-01,3.000000000000000000e+01,2.500000000000000000e+02,1.199999999999999956e-01
0.000000000000000000e+00,1.000000000000000000e+03,5.000000000000000000e+02,5.000000000000000000e+01,2.000000000000000111e-01,1.000000000000000056e-01,4.000000000000000000e+01,2.500000000000000000e+02,1.199999999999999956e-01
2.000000000000000000e+01,1.000000000000000000e+03,5.000000000000000000e+02,5.000000000000000000e+01,1.000000000000000056e-01,4.000000000000000222e-01,6.000000000000000000e+01,2.500000000000000000e+02,2.789473684210526105e-01
0.000000000000000000e+00,1.000000000000000000e+03,5.000000000000000000e+02,5.000000000000000000e+01,2.000000000000000111e-01,1.000000000000000056e-01,6.000000000000000000e+01,2.500000000000000000e+02,1.199999999999999956e-01
0.000000000000000000e+00,1.000000000000000000e+03,5.000000000000000000e+02,5.000000000000000000e+01,2.000000000000000111e-01,1.000000000000000056e-01,2.000000000000000000e+01,5.000000000000000000e+02,6.000000000000005329e-02
0.000000000000000000e+00,1.000000000000000000e+03,5.000000000000000000e+02,5.000000000000000000e+01,2.000000000000000111e-01,1.000000000000000056e-01,3.000000000000000000e+01,5.000000000000000000e+02,6.000000000000005329e-02
2.000000000000000000e+01,1.000000000000000000e+03,5.000000000000000000e+02,5.000000000000000000e+01,1.000000000000000056e-01,4.000000000000000222e-01,2.000000000000000000e+01,5.000000000000000000e+02,2.578947368421052877e-01
1.000000000000000000e+01,1.000000000000000000e+03,5.000000000000000000e+02,5.000000000000000000e+01,2.000000000000000111e-01,4.000000000000000222e-01,4.000000000000000000e+01,2.500000000000000000e+02,1.086956521739130821e-01
0.000000000000000000e+00,1.000000000000000000e+03,5.000000000000000000e+02,5.000000000000000000e+01,2.000000000000000111e-01,1.000000000000000056e-01,4.000000000000000000e+01,5.000000000000000000e+02,9.999999999999997780e-02
2.000000000000000000e+01,1.000000000000000000e+03,5.000000000000000000e+02,5.000000000000000000e+01,1.000000000000000056e-01,4.000000000000000222e-01,3.000000000000000000e+01,5.000000000000000000e+02,2.052631578947368141e-01
0.000000000000000000e+00,1.000000000000000000e+03,5.000000000000000000e+02,5.000000000000000000e+01,2.000000000000000111e-01,1.000000000000000056e-01,6.000000000000000000e+01,5.000000000000000000e+02,9.999999999999997780e-02
0.000000000000000000e+00,1.000000000000000000e+03,5.000000000000000000e+02,5.000000000000000000e+01,2.000000000000000111e-01,2.000000000000000111e-01,2.000000000000000000e+01,2.500000000000000000e+02,1.684210526315789158e-01
0.000000000000000000e+00,1.000000000000000000e+03,5.000000000000000000e+02,5.000000000000000000e+01,2.000000000000000111e-01,2.000000000000000111e-01,3.000000000000000000e+01,2.500000000000000000e+02,1.894736842105263497e-01
2.000000000000000000e+01,1.000000000000000000e+03,5.000000000000000000e+02,5.000000000000000000e+01,1.000000000000000056e-01,4.000000000000000222e-01,4.000000000000000000e+01,5.000000000000000000e+02,1.894736842105263497e-01
0.000000000000000000e+00,1.000000000000000000e+03,5.000000000000000000e+02,5.000000000000000000e+01,2.000000000000000111e-01,2.000000000000000111e-01,4.000000000000000000e+01,2.500000000000000000e+02,2.421052631578947123e-01
0.000000000000000000e+00,1.000000000000000000e+03,5.000000000000000000e+02,5.000000000000000000e+01,2.000000000000000111e-01,2.000000000000000111e-01,6.000000000000000000e+01,2.500000000000000000e+02,2.421052631578947123e-01
0.000000000000000000e+00,1.000000000000000000e+03,5.000000000000000000e+02,5.000000000000000000e+01,2.000000000000000111e-01,2.000000000000000111e-01,2.000000000000000000e+01,5.000000000000000000e+02,1.894736842105263497e-01
0.000000000000000000e+00,1.000000000000000000e+03,5.000000000000000000e+02,5.000000000000000000e+01,2.000000000000000111e-01,2.000000000000000111e-01,3.000000000000000000e+01,5.000000000000000000e+02,1.578947368421053099e-01
0.000000000000000000e+00,1.000000000000000000e+03,5.000000000000000000e+02,5.000000000000000000e+01,2.000000000000000111e-01,2.000000000000000111e-01,4.000000000000000000e+01,5.000000000000000000e+02,1.368421052631578760e-01
0.000000000000000000e+00,1.000000000000000000e+03,5.000000000000000000e+02,5.000000000000000000e+01,2.000000000000000111e-01,2.000000000000000111e-01,6.000000000000000000e+01,5.000000000000000000e+02,1.473684210526315930e-01
2.000000000000000000e+01,1.000000000000000000e+03,5.000000000000000000e+02,5.000000000000000000e+01,1.000000000000000056e-01,4.000000000000000222e-01,6.000000000000000000e+01,5.000000000000000000e+02,1.315789473684210176e-01
2.000000000000000000e+01,1.000000000000000000e+03,5.000000000000000000e+02,5.000000000000000000e+01,2.000000000000000111e-01,1.000000000000000056e-01,2.000000000000000000e+01,2.500000000000000000e+02,8.333333333333337034e-02
2.000000000000000000e+01,1.000000000000000000e+03,5.000000000000000000e+02,5.000000000000000000e+01,2.000000000000000111e-01,1.000000000000000056e-01,3.000000000000000000e+01,2.500000000000000000e+02,1.250000000000000000e-01
2.000000000000000000e+01,1.000000000000000000e+03,5.000000000000000000e+02,5.000000000000000000e+01,2.000000000000000111e-01,1.000000000000000056e-01,4.000000000000000000e+01,2.500000000000000000e+02,1.666666666666666297e-01
2.000000000000000000e+01,1.000000000000000000e+03,5.000000000000000000e+02,5.000000000000000000e+01,2.000000000000000111e-01,1.000000000000000056e-01,6.000000000000000000e+01,2.500000000000000000e+02,4.166666666666662966e-02
2.000000000000000000e+01,1.000000000000000000e+03,5.000000000000000000e+02,5.000000000000000000e+01,2.000000000000000111e-01,1.000000000000000056e-01,2.000000000000000000e+01,5.000000000000000000e+02,1.250000000000000000e-01
2.000000000000000000e+01,1.000000000000000000e+03,5.000000000000000000e+02,5.000000000000000000e+01,2.000000000000000111e-01,1.000000000000000056e-01,3.000000000000000000e+01,5.000000000000000000e+02,1.250000000000000000e-01
2.000000000000000000e+01,1.000000000000000000e+03,5.000000000000000000e+02,5.000000000000000000e+01,2.000000000000000111e-01,1.000000000000000056e-01,4.000000000000000000e+01,5.000000000000000000e+02,1.458333333333333703e-01
1.000000000000000000e+01,1.000000000000000000e+03,5.000000000000000000e+02,5.000000000000000000e+01,2.000000000000000111e-01,4.000000000000000222e-01,6.000000000000000000e+01,2.500000000000000000e+02,8.695652173913048788e-02
2.000000000000000000e+01,1.000000000000000000e+03,5.000000000000000000e+02,5.000000000000000000e+01,2.000000000000000111e-01,1.000000000000000056e-01,6.000000000000000000e+01,5.000000000000000000e+02,8.333333333333337034e-02
2.000000000000000000e+01,1.000000000000000000e+03,5.000000000000000000e+02,5.000000000000000000e+01,2.000000000000000111e-01,2.000000000000000111e-01,2.000000000000000000e+01,2.500000000000000000e+02,1.354166666666666297e-01
2.000000000000000000e+01,1.000000000000000000e+03,5.000000000000000000e+02,5.000000000000000000e+01,2.000000000000000111e-01,2.000000000000000111e-01,3.000000000000000000e+01,2.500000000000000000e+02,1.458333333333333703e-01
1.000000000000000000e+01,1.000000000000000000e+03,5.000000000000000000e+02,5.000000000000000000e+01,2.000000000000000111e-01,4.000000000000000222e-01,2.000000000000000000e+01,5.000000000000000000e+02,6.521739130434778264e-02
2.000000000000000000e+01,1.000000000000000000e+03,5.000000000000000000e+02,5.000000000000000000e+01,2.000000000000000111e-01,2.000000000000000111e-01,4.000000000000000000e+01,2.500000000000000000e+02,1.458333333333333703e-01
1.000000000000000000e+01,1.000000000000000000e+03,5.000000000000000000e+02,5.000000000000000000e+01,2.000000000000000111e-01,4.000000000000000222e-01,3.000000000000000000e+01,5.000000000000000000e+02,4.891304347826086474e-02
2.000000000000000000e+01,1.000000000000000000e+03,5.000000000000000000e+02,5.000000000000000000e+01,2.000000000000000111e-01,2.000000000000000111e-01,6.000000000000000000e+01,2.500000000000000000e+02,1.458333333333333703e-01
1.000000000000000000e+01,1.000000000000000000e+03,5.000000000000000000e+02,5.000000000000000000e+01,2.000000000000000111e-01,4.000000000000000222e-01,4.000000000000000000e+01,5.000000000000000000e+02,5.434782608695654105e-02
2.000000000000000000e+01,1.000000000000000000e+03,5.000000000000000000e+02,5.000000000000000000e+01,2.000000000000000111e-01,2.000000000000000111e-01,2.000000000000000000e+01,5.000000000000000000e+02,6.250000000000000000e-02
2.000000000000000000e+01,1.000000000000000000e+03,5.000000000000000000e+02,5.000000000000000000e+01,2.000000000000000111e-01,2.000000000000000111e-01,3.000000000000000000e+01,5.000000000000000000e+02,8.333333333333337034e-02
2.000000000000000000e+01,1.000000000000000000e+03,5.000000000000000000e+02,5.000000000000000000e+01,2.000000000000000111e-01,2.000000000000000111e-01,4.000000000000000000e+01,5.000000000000000000e+02,8.333333333333337034e-02
1.000000000000000000e+01,1.000000000000000000e+03,5.000000000000000000e+02,5.000000000000000000e+01,2.000000000000000111e-01,4.000000000000000222e-01,6.000000000000000000e+01,5.000000000000000000e+02,8.152173913043481157e-02
2.000000000000000000e+01,1.000000000000000000e+03,5.000000000000000000e+02,5.000000000000000000e+01,2.000000000000000111e-01,2.000000000000000111e-01,6.000000000000000000e+01,5.000000000000000000e+02,1.041666666666666297e-01
2.000000000000000000e+01,1.000000000000000000e+03,5.000000000000000000e+02,5.000000000000000000e+01,2.000000000000000111e-01,4.000000000000000222e-01,2.000000000000000000e+01,2.500000000000000000e+02,1.043956043956043578e-01
0.000000000000000000e+00,1.000000000000000000e+03,5.000000000000000000e+02,5.000000000000000000e+01,2.000000000000000111e-01,4.000000000000000222e-01,2.000000000000000000e+01,2.500000000000000000e+02,8.900523560209427920e-02
2.000000000000000000e+01,1.000000000000000000e+03,5.000000000000000000e+02,5.000000000000000000e+01,2.000000000000000111e-01,4.000000000000000222e-01,3.000000000000000000e+01,2.500000000000000000e+02,1.153846153846154188e-01
2.000000000000000000e+01,1.000000000000000000e+03,5.000000000000000000e+02,5.000000000000000000e+01,2.000000000000000111e-01,4.000000000000000222e-01,4.000000000000000000e+01,2.500000000000000000e+02,1.208791208791208938e-01
2.000000000000000000e+01,1.000000000000000000e+03,5.000000000000000000e+02,5.000000000000000000e+01,2.000000000000000111e-01,4.000000000000000222e-01,6.000000000000000000e+01,2.500000000000000000e+02,1.263736263736263687e-01
2.000000000000000000e+01,1.000000000000000000e+03,5.000000000000000000e+02,5.000000000000000000e+01,2.000000000000000111e-01,4.000000000000000222e-01,2.000000000000000000e+01,5.000000000000000000e+02,8.791208791208793283e-02
2.000000000000000000e+01,1.000000000000000000e+03,5.000000000000000000e+02,5.000000000000000000e+01,2.000000000000000111e-01,4.000000000000000222e-01,3.000000000000000000e+01,5.000000000000000000e+02,8.791208791208793283e-02
2.000000000000000000e+01,1.000000000000000000e+03,5.000000000000000000e+02,5.000000000000000000e+01,2.000000000000000111e-01,4.000000000000000222e-01,4.000000000000000000e+01,5.000000000000000000e+02,1.153846153846154188e-01
0.000000000000000000e+00,1.000000000000000000e+03,5.000000000000000000e+02,5.000000000000000000e+01,2.000000000000000111e-01,4.000000000000000222e-01,3.000000000000000000e+01,2.500000000000000000e+02,9.947643979057596564e-02
2.000000000000000000e+01,1.000000000000000000e+03,5.000000000000000000e+02,5.000000000000000000e+01,2.000000000000000111e-01,4.000000000000000222e-01,6.000000000000000000e+01,5.000000000000000000e+02,8.791208791208793283e-02
2.000000000000000000e+01,1.000000000000000000e+03,5.000000000000000000e+02,5.000000000000000000e+01,4.000000000000000222e-01,1.000000000000000056e-01,2.000000000000000000e+01,2.500000000000000000e+02,1.400000000000000133e-01
2.000000000000000000e+01,1.000000000000000000e+03,5.000000000000000000e+02,5.000000000000000000e+01,4.000000000000000222e-01,1.000000000000000056e-01,3.000000000000000000e+01,2.500000000000000000e+02,1.400000000000000133e-01
2.000000000000000000e+01,1.000000000000000000e+03,5.000000000000000000e+02,5.000000000000000000e+01,4.000000000000000222e-01,1.000000000000000056e-01,4.000000000000000000e+01,2.500000000000000000e+02,1.800000000000000488e-01
1.000000000000000000e+01,1.000000000000000000e+03,5.000000000000000000e+02,5.000000000000000000e+01,4.000000000000000222e-01,1.000000000000000056e-01,2.000000000000000000e+01,2.500000000000000000e+02,2.040816326530614511e-02
2.000000000000000000e+01,1.000000000000000000e+03,5.000000000000000000e+02,5.000000000000000000e+01,4.000000000000000222e-01,1.000000000000000056e-01,6.000000000000000000e+01,2.500000000000000000e+02,1.800000000000000488e-01
2.000000000000000000e+01,1.000000000000000000e+03,5.000000000000000000e+02,5.000000000000000000e+01,4.000000000000000222e-01,1.000000000000000056e-01,2.000000000000000000e+01,5.000000000000000000e+02,1.199999999999999956e-01
2.000000000000000000e+01,1.000000000000000000e+03,5.000000000000000000e+02,5.000000000000000000e+01,4.000000000000000222e-01,1.000000000000000056e-01,3.000000000000000000e+01,5.000000000000000000e+02,1.400000000000000133e-01
2.000000000000000000e+01,1.000000000000000000e+03,5.000000000000000000e+02,5.000000000000000000e+01,4.000000000000000222e-01,1.000000000000000056e-01,4.000000000000000000e+01,5.000000000000000000e+02,1.400000000000000133e-01
2.000000000000000000e+01,1.000000000000000000e+03,5.000000000000000000e+02,5.000000000000000000e+01,4.000000000000000222e-01,1.000000000000000056e-01,6.000000000000000000e+01,5.000000000000000000e+02,1.600000000000000311e-01
0.000000000000000000e+00,1.000000000000000000e+03,5.000000000000000000e+02,5.000000000000000000e+01,2.000000000000000111e-01,4.000000000000000222e-01,4.000000000000000000e+01,2.500000000000000000e+02,9.424083769633506691e-02
1.000000000000000000e+01,1.000000000000000000e+03,5.000000000000000000e+02,5.000000000000000000e+01,4.000000000000000222e-01,1.000000000000000056e-01,3.000000000000000000e+01,2.500000000000000000e+02,2.040816326530614511e-02
1.000000000000000000e+01,1.000000000000000000e+03,5.000000000000000000e+02,5.000000000000000000e+01,4.000000000000000222e-01,1.000000000000000056e-01,4.000000000000000000e+01,2.500000000000000000e+02,2.040816326530614511e-02
2.000000000000000000e+01,1.000000000000000000e+03,5.000000000000000000e+02,5.000000000000000000e+01,4.000000000000000222e-01,2.000000000000000111e-01,2.000000000000000000e+01,2.500000000000000000e+02,6.000000000000005329e-02
0.000000000000000000e+00,1.000000000000000000e+03,5.000000000000000000e+02,5.000000000000000000e+01,2.000000000000000111e-01,4.000000000000000222e-01,6.000000000000000000e+01,2.500000000000000000e+02,8.900523560209427920e-02
2.000000000000000000e+01,1.000000000000000000e+03,5.000000000000000000e+02,5.000000000000000000e+01,4.000000000000000222e-01,2.000000000000000111e-01,3.000000000000000000e+01,2.500000000000000000e+02,6.000000000000005329e-02
1.000000000000000000e+01,1.000000000000000000e+03,5.000000000000000000e+02,5.000000000000000000e+01,4.000000000000000222e-01,1.000000000000000056e-01,6.000000000000000000e+01,2.500000000000000000e+02,2.040816326530614511e-02
0.000000000000000000e+00,1.000000000000000000e+03,5.000000000000000000e+02,5.000000000000000000e+01,2.000000000000000111e-01,4.000000000000000222e-01,2.000000000000000000e+01,5.000000000000000000e+02,4.712041884816753345e-02
1.000000000000000000e+01,1.000000000000000000e+03,5.000000000000000000e+02,5.000000000000000000e+01,4.000000000000000222e-01,1.000000000000000056e-01,2.000000000000000000e+01,5.000000000000000000e+02,0.000000000000000000e+00
2.000000000000000000e+01,1.000000000000000000e+03,5.000000000000000000e+02,5.000000000000000000e+01,4.000000000000000222e-01,2.000000000000000111e-01,4.000000000000000000e+01,2.500000000000000000e+02,6.000000000000005329e-02
0.000000000000000000e+00,1.000000000000000000e+03,5.000000000000000000e+02,5.000000000000000000e+01,2.000000000000000111e-01,4.000000000000000222e-01,3.000000000000000000e+01,5.000000000000000000e+02,7.853403141361259276e-02
1.000000000000000000e+01,1.000000000000000000e+03,5.000000000000000000e+02,5.000000000000000000e+01,4.000000000000000222e-01,1.000000000000000056e-01,3.000000000000000000e+01,5.000000000000000000e+02,0.000000000000000000e+00
0.000000000000000000e+00,1.000000000000000000e+03,5.000000000000000000e+02,5.000000000000000000e+01,2.000000000000000111e-01,4.000000000000000222e-01,4.000000000000000000e+01,5.000000000000000000e+02,6.806282722513090633e-02
1.000000000000000000e+01,1.000000000000000000e+03,5.000000000000000000e+02,5.000000000000000000e+01,4.000000000000000222e-01,1.000000000000000056e-01,4.000000000000000000e+01,5.000000000000000000e+02,0.000000000000000000e+00
1.000000000000000000e+01,1.000000000000000000e+03,5.000000000000000000e+02,5.000000000000000000e+01,4.000000000000000222e-01,1.000000000000000056e-01,6.000000000000000000e+01,5.000000000000000000e+02,0.000000000000000000e+00
0.000000000000000000e+00,1.000000000000000000e+03,5.000000000000000000e+02,5.000000000000000000e+01,2.000000000000000111e-01,4.000000000000000222e-01,6.000000000000000000e+01,5.000000000000000000e+02,7.329842931937169404e-02
2.000000000000000000e+01,1.000000000000000000e+03,5.000000000000000000e+02,5.000000000000000000e+01,4.000000000000000222e-01,2.000000000000000111e-01,6.000000000000000000e+01,2.500000000000000000e+02,7.999999999999996003e-02
1.000000000000000000e+01,1.000000000000000000e+03,5.000000000000000000e+02,5.000000000000000000e+01,4.000000000000000222e-01,2.000000000000000111e-01,2.000000000000000000e+01,2.500000000000000000e+02,5.102040816326525174e-02
2.000000000000000000e+01,1.000000000000000000e+03,5.000000000000000000e+02,5.000000000000000000e+01,4.000000000000000222e-01,2.000000000000000111e-01,2.000000000000000000e+01,5.000000000000000000e+02,5.000000000000004441e-02
2.000000000000000000e+01,1.000000000000000000e+03,5.000000000000000000e+02,5.000000000000000000e+01,4.000000000000000222e-01,2.000000000000000111e-01,3.000000000000000000e+01,5.000000000000000000e+02,6.000000000000005329e-02
2.000000000000000000e+01,1.000000000000000000e+03,5.000000000000000000e+02,5.000000000000000000e+01,4.000000000000000222e-01,2.000000000000000111e-01,4.000000000000000000e+01,5.000000000000000000e+02,6.000000000000005329e-02
1.000000000000000000e+01,1.000000000000000000e+03,5.000000000000000000e+02,5.000000000000000000e+01,4.000000000000000222e-01,2.000000000000000111e-01,3.000000000000000000e+01,2.500000000000000000e+02,5.102040816326525174e-02
2.000000000000000000e+01,1.000000000000000000e+03,5.000000000000000000e+02,5.000000000000000000e+01,4.000000000000000222e-01,2.000000000000000111e-01,6.000000000000000000e+01,5.000000000000000000e+02,8.999999999999996891e-02
0.000000000000000000e+00,1.000000000000000000e+03,5.000000000000000000e+02,5.000000000000000000e+01,4.000000000000000222e-01,1.000000000000000056e-01,2.000000000000000000e+01,2.500000000000000000e+02,6.000000000000005329e-02
1.000000000000000000e+01,1.000000000000000000e+03,5.000000000000000000e+02,5.000000000000000000e+01,4.000000000000000222e-01,2.000000000000000111e-01,4.000000000000000000e+01,2.500000000000000000e+02,7.142857142857139685e-02
0.000000000000000000e+00,1.000000000000000000e+03,5.000000000000000000e+02,5.000000000000000000e+01,4.000000000000000222e-01,1.000000000000000056e-01,3.000000000000000000e+01,2.500000000000000000e+02,6.000000000000005329e-02
2.000000000000000000e+01,1.000000000000000000e+03,5.000000000000000000e+02,5.000000000000000000e+01,4.000000000000000222e-01,4.000000000000000222e-01,2.000000000000000000e+01,2.500000000000000000e+02,5.208333333333337034e-02
1.000000000000000000e+01,1.000000000000000000e+03,5.000000000000000000e+02,5.000000000000000000e+01,4.000000000000000222e-01,2.000000000000000111e-01,6.000000000000000000e+01,2.500000000000000000e+02,7.142857142857139685e-02
1.000000000000000000e+01,1.000000000000000000e+03,5.000000000000000000e+02,5.000000000000000000e+01,4.000000000000000222e-01,2.000000000000000111e-01,2.000000000000000000e+01,5.000000000000000000e+02,5.102040816326525174e-02
1.000000000000000000e+01,1.000000000000000000e+03,5.000000000000000000e+02,5.000000000000000000e+01,4.000000000000000222e-01,2.000000000000000111e-01,3.000000000000000000e+01,5.000000000000000000e+02,5.102040816326525174e-02
0.000000000000000000e+00,1.000000000000000000e+03,5.000000000000000000e+02,5.000000000000000000e+01,4.000000000000000222e-01,1.000000000000000056e-01,4.000000000000000000e+01,2.500000000000000000e+02,7.999999999999996003e-02
2.000000000000000000e+01,1.000000000000000000e+03,5.000000000000000000e+02,5.000000000000000000e+01,4.000000000000000222e-01,4.000000000000000222e-01,3.000000000000000000e+01,2.500000000000000000e+02,6.250000000000000000e-02
1.000000000000000000e+01,1.000000000000000000e+03,5.000000000000000000e+02,5.000000000000000000e+01,4.000000000000000222e-01,2.000000000000000111e-01,4.000000000000000000e+01,5.000000000000000000e+02,5.102040816326525174e-02
1.000000000000000000e+01,1.000000000000000000e+03,5.000000000000000000e+02,5.000000000000000000e+01,4.000000000000000222e-01,2.000000000000000111e-01,6.000000000000000000e+01,5.000000000000000000e+02,6.122448979591832430e-02
2.000000000000000000e+01,1.000000000000000000e+03,5.000000000000000000e+02,5.000000000000000000e+01,4.000000000000000222e-01,4.000000000000000222e-01,4.000000000000000000e+01,2.500000000000000000e+02,6.250000000000000000e-02
0.000000000000000000e+00,1.000000000000000000e+03,5.000000000000000000e+02,5.000000000000000000e+01,4.000000000000000222e-01,1.000000000000000056e-01,6.000000000000000000e+01,2.500000000000000000e+02,7.999999999999996003e-02
2.000000000000000000e+01,1.000000000000000000e+03,5.000000000000000000e+02,5.000000000000000000e+01,4.000000000000000222e-01,4.000000000000000222e-01,6.000000000000000000e+01,2.500000000000000000e+02,8.854166666666662966e-02
1.000000000000000000e+01,1.000000000000000000e+03,5.000000000000000000e+02,5.000000000000000000e+01,4.000000000000000222e-01,4.000000000000000222e-01,2.000000000000000000e+01,2.500000000000000000e+02,5.641025641025643189e-02
0.000000000000000000e+00,1.000000000000000000e+03,5.000000000000000000e+02,5.000000000000000000e+01,4.000000000000000222e-01,1.000000000000000056e-01,2.000000000000000000e+01,5.000000000000000000e+02,6.000000000000005329e-02
2.000000000000000000e+01,1.000000000000000000e+03,5.000000000000000000e+02,5.000000000000000000e+01,4.000000000000000222e-01,4.000000000000000222e-01,2.000000000000000000e+01,5.000000000000000000e+02,9.895833333333337034e-02
2.000000000000000000e+01,1.000000000000000000e+03,5.000000000000000000e+02,5.000000000000000000e+01,4.000000000000000222e-01,4.000000000000000222e-01,3.000000000000000000e+01,5.000000000000000000e+02,1.041666666666666297e-01
0.000000000000000000e+00,1.000000000000000000e+03,5.000000000000000000e+02,5.000000000000000000e+01,4.000000000000000222e-01,1.000000000000000056e-01,3.000000000000000000e+01,5.000000000000000000e+02,7.999999999999996003e-02
2.000000000000000000e+01,1.000000000000000000e+03,5.000000000000000000e+02,5.000000000000000000e+01,4.000000000000000222e-01,4.000000000000000222e-01,4.000000000000000000e+01,5.000000000000000000e+02,8.854166666666662966e-02
0.000000000000000000e+00,1.000000000000000000e+03,5.000000000000000000e+02,5.000000000000000000e+01,4.000000000000000222e-01,1.000000000000000056e-01,4.000000000000000000e+01,5.000000000000000000e+02,7.999999999999996003e-02
2.000000000000000000e+01,1.000000000000000000e+03,5.000000000000000000e+02,5.000000000000000000e+01,4.000000000000000222e-01,4.000000000000000222e-01,6.000000000000000000e+01,5.000000000000000000e+02,1.041666666666666297e-01
1.000000000000000000e+01,1.000000000000000000e+03,5.000000000000000000e+02,5.000000000000000000e+01,4.000000000000000222e-01,4.000000000000000222e-01,3.000000000000000000e+01,2.500000000000000000e+02,6.153846153846154188e-02
0.000000000000000000e+00,1.000000000000000000e+03,5.000000000000000000e+02,5.000000000000000000e+01,4.000000000000000222e-01,1.000000000000000056e-01,6.000000000000000000e+01,5.000000000000000000e+02,9.999999999999997780e-02
0.000000000000000000e+00,1.000000000000000000e+03,5.000000000000000000e+02,5.000000000000000000e+01,4.000000000000000222e-01,2.000000000000000111e-01,2.000000000000000000e+01,2.500000000000000000e+02,6.185567010309278579e-02
0.000000000000000000e+00,1.000000000000000000e+03,5.000000000000000000e+02,5.000000000000000000e+01,4.000000000000000222e-01,2.000000000000000111e-01,3.000000000000000000e+01,2.500000000000000000e+02,7.216494845360821309e-02
0.000000000000000000e+00,1.000000000000000000e+03,5.000000000000000000e+02,5.000000000000000000e+01,4.000000000000000222e-01,2.000000000000000111e-01,4.000000000000000000e+01,2.500000000000000000e+02,7.216494845360821309e-02
1.000000000000000000e+01,1.000000000000000000e+03,5.000000000000000000e+02,5.000000000000000000e+01,4.000000000000000222e-01,4.000000000000000222e-01,4.000000000000000000e+01,2.500000000000000000e+02,5.641025641025643189e-02
0.000000000000000000e+00,1.000000000000000000e+03,5.000000000000000000e+02,5.000000000000000000e+01,4.000000000000000222e-01,2.000000000000000111e-01,6.000000000000000000e+01,2.500000000000000000e+02,8.247422680412375140e-02
2.100000000000000000e+01,1.000000000000000000e+03,5.000000000000000000e+02,5.000000000000000000e+01,1.000000000000000056e-01,1.000000000000000056e-01,2.000000000000000000e+01,2.500000000000000000e+02,1.063829787234042978e-01
0.000000000000000000e+00,1.000000000000000000e+03,5.000000000000000000e+02,5.000000000000000000e+01,4.000000000000000222e-01,2.000000000000000111e-01,2.000000000000000000e+01,5.000000000000000000e+02,8.247422680412375140e-02
0.000000000000000000e+00,1.000000000000000000e+03,5.000000000000000000e+02,5.000000000000000000e+01,4.000000000000000222e-01,2.000000000000000111e-01,3.000000000000000000e+01,5.000000000000000000e+02,8.247422680412375140e-02
0.000000000000000000e+00,1.000000000000000000e+03,5.000000000000000000e+02,5.000000000000000000e+01,4.000000000000000222e-01,2.000000000000000111e-01,4.000000000000000000e+01,5.000000000000000000e+02,8.247422680412375140e-02
0.000000000000000000e+00,1.000000000000000000e+03,5.000000000000000000e+02,5.000000000000000000e+01,4.000000000000000222e-01,2.000000000000000111e-01,6.000000000000000000e+01,5.000000000000000000e+02,8.247422680412375140e-02
2.100000000000000000e+01,1.000000000000000000e+03,5.000000000000000000e+02,5.000000000000000000e+01,1.000000000000000056e-01,1.000000000000000056e-01,3.000000000000000000e+01,2.500000000000000000e+02,1.063829787234042978e-01
1.000000000000000000e+01,1.000000000000000000e+03,5.000000000000000000e+02,5.000000000000000000e+01,4.000000000000000222e-01,4.000000000000000222e-01,6.000000000000000000e+01,2.500000000000000000e+02,4.615384615384610090e-02
0.000000000000000000e+00,1.000000000000000000e+03,5.000000000000000000e+02,5.000000000000000000e+01,4.000000000000000222e-01,4.000000000000000222e-01,2.000000000000000000e+01,2.500000000000000000e+02,9.375000000000000000e-02
2.100000000000000000e+01,1.000000000000000000e+03,5.000000000000000000e+02,5.000000000000000000e+01,1.000000000000000056e-01,1.000000000000000056e-01,4.000000000000000000e+01,2.500000000000000000e+02,1.063829787234042978e-01
1.000000000000000000e+01,1.000000000000000000e+03,5.000000000000000000e+02,5.000000000000000000e+01,4.000000000000000222e-01,4.000000000000000222e-01,2.000000000000000000e+01,5.000000000000000000e+02,4.102564102564099091e-02
0.000000000000000000e+00,1.000000000000000000e+03,5.000000000000000000e+02,5.000000000000000000e+01,4.000000000000000222e-01,4.000000000000000222e-01,3.000000000000000000e+01,2.500000000000000000e+02,1.093750000000000000e-01
1.000000000000000000e+01,1.000000000000000000e+03,5.000000000000000000e+02,5.000000000000000000e+01,4.000000000000000222e-01,4.000000000000000222e-01,3.000000000000000000e+01,5.000000000000000000e+02,4.615384615384610090e-02
0.000000000000000000e+00,1.000000000000000000e+03,5.000000000000000000e+02,5.000000000000000000e+01,4.000000000000000222e-01,4.000000000000000222e-01,4.000000000000000000e+01,2.500000000000000000e+02,1.197916666666666297e-01
1.000000000000000000e+01,1.000000000000000000e+03,5.000000000000000000e+02,5.000000000000000000e+01,4.000000000000000222e-01,4.000000000000000222e-01,4.000000000000000000e+01,5.000000000000000000e+02,5.128205128205132191e-02
2.100000000000000000e+01,1.000000000000000000e+03,5.000000000000000000e+02,5.000000000000000000e+01,1.000000000000000056e-01,1.000000000000000056e-01,6.000000000000000000e+01,2.500000000000000000e+02,1.063829787234042978e-01
2.100000000000000000e+01,1.000000000000000000e+03,5.000000000000000000e+02,5.000000000000000000e+01,1.000000000000000056e-01,1.000000000000000056e-01,2.000000000000000000e+01,5.000000000000000000e+02,8.510638297872341607e-02
2.100000000000000000e+01,1.000000000000000000e+03,5.000000000000000000e+02,5.000000000000000000e+01,1.000000000000000056e-01,1.000000000000000056e-01,3.000000000000000000e+01,5.000000000000000000e+02,1.063829787234042978e-01
1.000000000000000000e+01,1.000000000000000000e+03,5.000000000000000000e+02,5.000000000000000000e+01,4.000000000000000222e-01,4.000000000000000222e-01,6.000000000000000000e+01,5.000000000000000000e+02,5.641025641025643189e-02
0.000000000000000000e+00,1.000000000000000000e+03,5.000000000000000000e+02,5.000000000000000000e+01,4.000000000000000222e-01,4.000000000000000222e-01,6.000000000000000000e+01,2.500000000000000000e+02,1.354166666666666297e-01
1.100000000000000000e+01,1.000000000000000000e+03,5.000000000000000000e+02,5.000000000000000000e+01,1.000000000000000056e-01,1.000000000000000056e-01,2.000000000000000000e+01,2.500000000000000000e+02,5.918367346938775420e-01
1.100000000000000000e+01,1.000000000000000000e+03,5.000000000000000000e+02,5.000000000000000000e+01,1.000000000000000056e-01,1.000000000000000056e-01,3.000000000000000000e+01,2.500000000000000000e+02,7.346938775510203357e-01
2.100000000000000000e+01,1.000000000000000000e+03,5.000000000000000000e+02,5.000000000000000000e+01,1.000000000000000056e-01,1.000000000000000056e-01,4.000000000000000000e+01,5.000000000000000000e+02,1.063829787234042978e-01
1.100000000000000000e+01,1.000000000000000000e+03,5.000000000000000000e+02,5.000000000000000000e+01,1.000000000000000056e-01,1.000000000000000056e-01,4.000000000000000000e+01,2.500000000000000000e+02,6.326530612244898322e-01
1.100000000000000000e+01,1.000000000000000000e+03,5.000000000000000000e+02,5.000000000000000000e+01,1.000000000000000056e-01,1.000000000000000056e-01,6.000000000000000000e+01,2.500000000000000000e+02,6.734693877551021224e-01
1.100000000000000000e+01,1.000000000000000000e+03,5.000000000000000000e+02,5.000000000000000000e+01,1.000000000000000056e-01,1.000000000000000056e-01,2.000000000000000000e+01,5.000000000000000000e+02,2.653061224489795533e-01
1.100000000000000000e+01,1.000000000000000000e+03,5.000000000000000000e+02,5.000000000000000000e+01,1.000000000000000056e-01,1.000000000000000056e-01,3.000000000000000000e+01,5.000000000000000000e+02,3.265306122448979886e-01
1.100000000000000000e+01,1.000000000000000000e+03,5.000000000000000000e+02,5.000000000000000000e+01,1.000000000000000056e-01,1.000000000000000056e-01,4.000000000000000000e+01,5.000000000000000000e+02,3.673469387755101678e-01
0.000000000000000000e+00,1.000000000000000000e+03,5.000000000000000000e+02,5.000000000000000000e+01,4.000000000000000222e-01,4.000000000000000222e-01,2.000000000000000000e+01,5.000000000000000000e+02,1.770833333333333703e-01
1.100000000000000000e+01,1.000000000000000000e+03,5.000000000000000000e+02,5.000000000000000000e+01,1.000000000000000056e-01,1.000000000000000056e-01,6.000000000000000000e+01,5.000000000000000000e+02,3.673469387755101678e-01
2.100000000000000000e+01,1.000000000000000000e+03,5.000000000000000000e+02,5.000000000000000000e+01,1.000000000000000056e-01,1.000000000000000056e-01,6.000000000000000000e+01,5.000000000000000000e+02,1.489361702127659504e-01
0.000000000000000000e+00,1.000000000000000000e+03,5.000000000000000000e+02,5.000000000000000000e+01,4.000000000000000222e-01,4.000000000000000222e-01,3.000000000000000000e+01,5.000000000000000000e+02,1.875000000000000000e-01
2.100000000000000000e+01,1.000000000000000000e+03,5.000000000000000000e+02,5.000000000000000000e+01,1.000000000000000056e-01,2.000000000000000111e-01,2.000000000000000000e+01,2.500000000000000000e+02,2.888888888888888618e-01
2.100000000000000000e+01,1.000000000000000000e+03,5.000000000000000000e+02,5.000000000000000000e+01,1.000000000000000056e-01,2.000000000000000111e-01,3.000000000000000000e+01,2.500000000000000000e+02,3.333333333333333703e-01
0.000000000000000000e+00,1.000000000000000000e+03,5.000000000000000000e+02,5.000000000000000000e+01,4.000000000000000222e-01,4.000000000000000222e-01,4.000000000000000000e+01,5.000000000000000000e+02,1.458333333333333703e-01
2.100000000000000000e+01,1.000000000000000000e+03,5.000000000000000000e+02,5.000000000000000000e+01,1.000000000000000056e-01,2.000000000000000111e-01,4.000000000000000000e+01,2.500000000000000000e+02,3.333333333333333703e-01
2.100000000000000000e+01,1.000000000000000000e+03,5.000000000000000000e+02,5.000000000000000000e+01,1.000000000000000056e-01,2.000000000000000111e-01,6.000000000000000000e+01,2.500000000000000000e+02,3.000000000000000444e-01
2.100000000000000000e+01,1.000000000000000000e+03,5.000000000000000000e+02,5.000000000000000000e+01,1.000000000000000056e-01,2.000000000000000111e-01,2.000000000000000000e+01,5.000000000000000000e+02,3.222222222222221877e-01
2.100000000000000000e+01,1.000000000000000000e+03,5.000000000000000000e+02,5.000000000000000000e+01,1.000000000000000056e-01,2.000000000000000111e-01,3.000000000000000000e+01,5.000000000000000000e+02,3.777777777777777679e-01
0.000000000000000000e+00,1.000000000000000000e+03,5.000000000000000000e+02,5.000000000000000000e+01,4.000000000000000222e-01,4.000000000000000222e-01,6.000000000000000000e+01,5.000000000000000000e+02,1.822916666666666297e-01
2.100000000000000000e+01,1.000000000000000000e+03,5.000000000000000000e+02,5.000000000000000000e+01,1.000000000000000056e-01,2.000000000000000111e-01,4.000000000000000000e+01,5.000000000000000000e+02,4.111111111111110938e-01
2.100000000000000000e+01,1.000000000000000000e+03,5.000000000000000000e+02,5.000000000000000000e+01,1.000000000000000056e-01,2.000000000000000111e-01,6.000000000000000000e+01,5.000000000000000000e+02,4.444444444444444198e-01
1.000000000000000000e+00,1.000000000000000000e+03,5.000000000000000000e+02,5.000000000000000000e+01,1.000000000000000056e-01,1.000000000000000056e-01,2.000000000000000000e+01,2.500000000000000000e+02,2.553191489361702482e-01
1.000000000000000000e+00,1.000000000000000000e+03,5.000000000000000000e+02,5.000000000000000000e+01,1.000000000000000056e-01,1.000000000000000056e-01,3.000000000000000000e+01,2.500000000000000000e+02,3.404255319148936643e-01
1.000000000000000000e+00,1.000000000000000000e+03,5.000000000000000000e+02,5.000000000000000000e+01,1.000000000000000056e-01,1.000000000000000056e-01,4.000000000000000000e+01,2.500000000000000000e+02,3.617021276595744350e-01
2.100000000000000000e+01,1.000000000000000000e+03,5.000000000000000000e+02,5.000000000000000000e+01,1.000000000000000056e-01,4.000000000000000222e-01,2.000000000000000000e+01,2.500000000000000000e+02,1.186440677966101864e-01
1.000000000000000000e+00,1.000000000000000000e+03,5.000000000000000000e+02,5.000000000000000000e+01,1.000000000000000056e-01,1.000000000000000056e-01,6.000000000000000000e+01,2.500000000000000000e+02,3.829787234042553168e-01
2.100000000000000000e+01,1.000000000000000000e+03,5.000000000000000000e+02,5.000000000000000000e+01,1.000000000000000056e-01,4.000000000000000222e-01,3.000000000000000000e+01,2.500000000000000000e+02,1.073446327683615920e-01
1.000000000000000000e+00,1.000000000000000000e+03,5.000000000000000000e+02,5.000000000000000000e+01,1.000000000000000056e-01,1.000000000000000056e-01,2.000000000000000000e+01,5.000000000000000000e+02,2.127659574468084847e-01
2.100000000000000000e+01,1.000000000000000000e+03,5.000000000000000000e+02,5.000000000000000000e+01,1.000000000000000056e-01,4.000000000000000222e-01,4.000000000000000000e+01,2.500000000000000000e+02,1.073446327683615920e-01
1.000000000000000000e+00,1.000000000000000000e+03,5.000000000000000000e+02,5.000000000000000000e+01,1.000000000000000056e-01,1.000000000000000056e-01,3.000000000000000000e+01,5.000000000000000000e+02,2.553191489361702482e-01
1.000000000000000000e+00,1.000000000000000000e+03,5.000000000000000000e+02,5.000000000000000000e+01,1.000000000000000056e-01,1.000000000000000056e-01,4.000000000000000000e+01,5.000000000000000000e+02,2.553191489361702482e-01
1.100000000000000000e+01,1.000000000000000000e+03,5.000000000000000000e+02,5.000000000000000000e+01,1.000000000000000056e-01,2.000000000000000111e-01,2.000000000000000000e+01,2.500000000000000000e+02,1.075268817204301230e-01
2.100000000000000000e+01,1.000000000000000000e+03,5.000000000000000000e+02,5.000000000000000000e+01,1.000000000000000056e-01,4.000000000000000222e-01,6.000000000000000000e+01,2.500000000000000000e+02,1.299435028248587809e-01
1.000000000000000000e+00,1.000000000000000000e+03,5.000000000000000000e+02,5.000000000000000000e+01,1.000000000000000056e-01,1.000000000000000056e-01,6.000000000000000000e+01,5.000000000000000000e+02,3.829787234042553168e-01
2.100000000000000000e+01,1.000000000000000000e+03,5.000000000000000000e+02,5.000000000000000000e+01,1.000000000000000056e-01,4.000000000000000222e-01,2.000000000000000000e+01,5.000000000000000000e+02,9.604519774011299749e-02
2.100000000000000000e+01,1.000000000000000000e+03,5.000000000000000000e+02,5.000000000000000000e+01,1.000000000000000056e-01,4.000000000000000222e-01,3.000000000000000000e+01,5.000000000000000000e+02,9.604519774011299749e-02
1.000000000000000000e+00,1.000000000000000000e+03,5.000000000000000000e+02,5.000000000000000000e+01,1.000000000000000056e-01,2.000000000000000111e-01,2.000000000000000000e+01,2.500000000000000000e+02,1.397849462365591267e-01
2.100000000000000000e+01,1.000000000000000000e+03,5.000000000000000000e+02,5.000000000000000000e+01,1.000000000000000056e-01,4.000000000000000222e-01,4.000000000000000000e+01,5.000000000000000000e+02,1.016949152542372392e-01
1.000000000000000000e+00,1.000000000000000000e+03,5.000000000000000000e+02,5.000000000000000000e+01,1.000000000000000056e-01,2.000000000000000111e-01,3.000000000000000000e+01,2.500000000000000000e+02,1.612903225806451291e-01
2.100000000000000000e+01,1.000000000000000000e+03,5.000000000000000000e+02,5.000000000000000000e+01,1.000000000000000056e-01,4.000000000000000222e-01,6.000000000000000000e+01,5.000000000000000000e+02,9.039548022598875576e-02
1.000000000000000000e+00,1.000000000000000000e+03,5.000000000000000000e+02,5.000000000000000000e+01,1.000000000000000056e-01,2.000000000000000111e-01,4.000000000000000000e+01,2.500000000000000000e+02,1.720430107526881303e-01
1.100000000000000000e+01,1.000000000000000000e+03,5.000000000000000000e+02,5.000000000000000000e+01,1.000000000000000056e-01,2.000000000000000111e-01,3.000000000000000000e+01,2.500000000000000000e+02,1.182795698924731242e-01
1.000000000000000000e+00,1.000000000000000000e+03,5.000000000000000000e+02,5.000000000000000000e+01,1.000000000000000056e-01,2.000000000000000111e-01,6.000000000000000000e+01,2.500000000000000000e+02,2.043010752688172449e-01
1.000000000000000000e+00,1.000000000000000000e+03,5.000000000000000000e+02,5.000000000000000000e+01,1.000000000000000056e-01,2.000000000000000111e-01,2.000000000000000000e+01,5.000000000000000000e+02,1.505376344086021279e-01
1.000000000000000000e+00,1.000000000000000000e+03,5.000000000000000000e+02,5.000000000000000000e+01,1.000000000000000056e-01,2.000000000000000111e-01,3.000000000000000000e+01,5.000000000000000000e+02,1.720430107526881303e-01
1.000000000000000000e+00,1.000000000000000000e+03,5.000000000000000000e+02,5.000000000000000000e+01,1.000000000000000056e-01,2.000000000000000111e-01,4.000000000000000000e+01,5.000000000000000000e+02,1.827956989247311315e-01
1.100000000000000000e+01,1.000000000000000000e+03,5.000000000000000000e+02,5.000000000000000000e+01,1.000000000000000056e-01,2.000000000000000111e-01,4.000000000000000000e+01,2.500000000000000000e+02,1.397849462365591267e-01
1.000000000000000000e+00,1.000000000000000000e+03,5.000000000000000000e+02,5.000000000000000000e+01,1.000000000000000056e-01,2.000000000000000111e-01,6.000000000000000000e+01,5.000000000000000000e+02,1.827956989247311315e-01
1.000000000000000000e+00,1.000000000000000000e+03,5.000000000000000000e+02,5.000000000000000000e+01,1.000000000000000056e-01,4.000000000000000222e-01,2.000000000000000000e+01,2.500000000000000000e+02,1.038251366120218622e-01
1.000000000000000000e+00,1.000000000000000000e+03,5.000000000000000000e+02,5.000000000000000000e+01,1.000000000000000056e-01,4.000000000000000222e-01,3.000000000000000000e+01,2.500000000000000000e+02,9.836065573770491621e-02
1.000000000000000000e+00,1.000000000000000000e+03,5.000000000000000000e+02,5.000000000000000000e+01,1.000000000000000056e-01,4.000000000000000222e-01,4.000000000000000000e+01,2.500000000000000000e+02,1.202185792349727000e-01
1.000000000000000000e+00,1.000000000000000000e+03,5.000000000000000000e+02,5.000000000000000000e+01,1.000000000000000056e-01,4.000000000000000222e-01,6.000000000000000000e+01,2.500000000000000000e+02,1.584699453551912107e-01
2.100000000000000000e+01,1.000000000000000000e+03,5.000000000000000000e+02,5.000000000000000000e+01,2.000000000000000111e-01,1.000000000000000056e-01,2.000000000000000000e+01,2.500000000000000000e+02,8.163265306122446940e-02
1.000000000000000000e+00,1.000000000000000000e+03,5.000000000000000000e+02,5.000000000000000000e+01,1.000000000000000056e-01,4.000000000000000222e-01,2.000000000000000000e+01,5.000000000000000000e+02,1.748633879781420486e-01
1.100000000000000000e+01,1.000000000000000000e+03,5.000000000000000000e+02,5.000000000000000000e+01,1.000000000000000056e-01,2.000000000000000111e-01,6.000000000000000000e+01,2.500000000000000000e+02,1.612903225806451291e-01
1.000000000000000000e+00,1.000000000000000000e+03,5.000000000000000000e+02,5.000000000000000000e+01,1.000000000000000056e-01,4.000000000000000222e-01,3.000000000000000000e+01,5.000000000000000000e+02,1.420765027322404839e-01
1.000000000000000000e+00,1.000000000000000000e+03,5.000000000000000000e+02,5.000000000000000000e+01,1.000000000000000056e-01,4.000000000000000222e-01,4.000000000000000000e+01,5.000000000000000000e+02,1.475409836065574298e-01
1.100000000000000000e+01,1.000000000000000000e+03,5.000000000000000000e+02,5.000000000000000000e+01,1.000000000000000056e-01,2.000000000000000111e-01,2.000000000000000000e+01,5.000000000000000000e+02,1.612903225806451291e-01
1.000000000000000000e+00,1.000000000000000000e+03,5.000000000000000000e+02,5.000000000000000000e+01,1.000000000000000056e-01,4.000000000000000222e-01,6.000000000000000000e+01,5.000000000000000000e+02,1.584699453551912107e-01
1.100000000000000000e+01,1.000000000000000000e+03,5.000000000000000000e+02,5.000000000000000000e+01,1.000000000000000056e-01,2.000000000000000111e-01,3.000000000000000000e+01,5.000000000000000000e+02,1.720430107526881303e-01
1.100000000000000000e+01,1.000000000000000000e+03,5.000000000000000000e+02,5.000000000000000000e+01,1.000000000000000056e-01,2.000000000000000111e-01,4.000000000000000000e+01,5.000000000000000000e+02,1.935483870967742437e-01
1.000000000000000000e+00,1.000000000000000000e+03,5.000000000000000000e+02,5.000000000000000000e+01,2.000000000000000111e-01,1.000000000000000056e-01,2.000000000000000000e+01,2.500000000000000000e+02,1.224489795918367596e-01
1.100000000000000000e+01,1.000000000000000000e+03,5.000000000000000000e+02,5.000000000000000000e+01,1.000000000000000056e-01,2.000000000000000111e-01,6.000000000000000000e+01,5.000000000000000000e+02,1.290322580645161255e-01
2.100000000000000000e+01,1.000000000000000000e+03,5.000000000000000000e+02,5.000000000000000000e+01,2.000000000000000111e-01,1.000000000000000056e-01,3.000000000000000000e+01,2.500000000000000000e+02,8.163265306122446940e-02
1.100000000000000000e+01,1.000000000000000000e+03,5.000000000000000000e+02,5.000000000000000000e+01,1.000000000000000056e-01,4.000000000000000222e-01,2.000000000000000000e+01,2.500000000000000000e+02,1.774193548387096309e-01
1.000000000000000000e+00,1.000000000000000000e+03,5.000000000000000000e+02,5.000000000000000000e+01,2.000000000000000111e-01,1.000000000000000056e-01,3.000000000000000000e+01,2.500000000000000000e+02,1.224489795918367596e-01
1.100000000000000000e+01,1.000000000000000000e+03,5.000000000000000000e+02,5.000000000000000000e+01,1.000000000000000056e-01,4.000000000000000222e-01,3.000000000000000000e+01,2.500000000000000000e+02,1.236559139784946248e-01
1.100000000000000000e+01,1.000000000000000000e+03,5.000000000000000000e+02,5.000000000000000000e+01,1.000000000000000056e-01,4.000000000000000222e-01,4.000000000000000000e+01,2.500000000000000000e+02,1.290322580645161255e-01
1.000000000000000000e+00,1.000000000000000000e+03,5.000000000000000000e+02,5.000000000000000000e+01,2.000000000000000111e-01,1.000000000000000056e-01,4.000000000000000000e+01,2.500000000000000000e+02,1.224489795918367596e-01
1.100000000000000000e+01,1.000000000000000000e+03,5.000000000000000000e+02,5.000000000000000000e+01,1.000000000000000056e-01,4.000000000000000222e-01,6.000000000000000000e+01,2.500000000000000000e+02,1.397849462365591267e-01
1.100000000000000000e+01,1.000000000000000000e+03,5.000000000000000000e+02,5.000000000000000000e+01,1.000000000000000056e-01,4.000000000000000222e-01,2.000000000000000000e+01,5.000000000000000000e+02,1.290322580645161255e-01
1.100000000000000000e+01,1.000000000000000000e+03,5.000000000000000000e+02,5.000000000000000000e+01,1.000000000000000056e-01,4.000000000000000222e-01,3.000000000000000000e+01,5.000000000000000000e+02,1.827956989247311315e-01
1.100000000000000000e+01,1.000000000000000000e+03,5.000000000000000000e+02,5.000000000000000000e+01,1.000000000000000056e-01,4.000000000000000222e-01,4.000000000000000000e+01,5.000000000000000000e+02,1.881720430107527431e-01
1.000000000000000000e+00,1.000000000000000000e+03,5.000000000000000000e+02,5.000000000000000000e+01,2.000000000000000111e-01,1.000000000000000056e-01,6.000000000000000000e+01,2.500000000000000000e+02,1.224489795918367596e-01
1.100000000000000000e+01,1.000000000000000000e+03,5.000000000000000000e+02,5.000000000000000000e+01,1.000000000000000056e-01,4.000000000000000222e-01,6.000000000000000000e+01,5.000000000000000000e+02,1.666666666666666297e-01
1.100000000000000000e+01,1.000000000000000000e+03,5.000000000000000000e+02,5.000000000000000000e+01,2.000000000000000111e-01,1.000000000000000056e-01,2.000000000000000000e+01,2.500000000000000000e+02,2.040816326530612290e-01
1.100000000000000000e+01,1.000000000000000000e+03,5.000000000000000000e+02,5.000000000000000000e+01,2.000000000000000111e-01,1.000000000000000056e-01,3.000000000000000000e+01,2.500000000000000000e+02,2.040816326530612290e-01
1.100000000000000000e+01,1.000000000000000000e+03,5.000000000000000000e+02,5.000000000000000000e+01,2.000000000000000111e-01,1.000000000000000056e-01,4.000000000000000000e+01,2.500000000000000000e+02,2.244897959183673741e-01
1.000000000000000000e+00,1.000000000000000000e+03,5.000000000000000000e+02,5.000000000000000000e+01,2.000000000000000111e-01,1.000000000000000056e-01,2.000000000000000000e+01,5.000000000000000000e+02,1.224489795918367596e-01
2.100000000000000000e+01,1.000000000000000000e+03,5.000000000000000000e+02,5.000000000000000000e+01,2.000000000000000111e-01,1.000000000000000056e-01,4.000000000000000000e+01,2.500000000000000000e+02,8.163265306122446940e-02
1.100000000000000000e+01,1.000000000000000000e+03,5.000000000000000000e+02,5.000000000000000000e+01,2.000000000000000111e-01,1.000000000000000056e-01,6.000000000000000000e+01,2.500000000000000000e+02,2.244897959183673741e-01
1.100000000000000000e+01,1.000000000000000000e+03,5.000000000000000000e+02,5.000000000000000000e+01,2.000000000000000111e-01,1.000000000000000056e-01,2.000000000000000000e+01,5.000000000000000000e+02,1.836734693877550839e-01
1.000000000000000000e+00,1.000000000000000000e+03,5.000000000000000000e+02,5.000000000000000000e+01,2.000000000000000111e-01,1.000000000000000056e-01,3.000000000000000000e+01,5.000000000000000000e+02,1.224489795918367596e-01
1.100000000000000000e+01,1.000000000000000000e+03,5.000000000000000000e+02,5.000000000000000000e+01,2.000000000000000111e-01,1.000000000000000056e-01,3.000000000000000000e+01,5.000000000000000000e+02,1.836734693877550839e-01
1.100000000000000000e+01,1.000000000000000000e+03,5.000000000000000000e+02,5.000000000000000000e+01,2.000000000000000111e-01,1.000000000000000056e-01,4.000000000000000000e+01,5.000000000000000000e+02,2.040816326530612290e-01
1.100000000000000000e+01,1.000000000000000000e+03,5.000000000000000000e+02,5.000000000000000000e+01,2.000000000000000111e-01,1.000000000000000056e-01,6.000000000000000000e+01,5.000000000000000000e+02,1.836734693877550839e-01
1.000000000000000000e+00,1.000000000000000000e+03,5.000000000000000000e+02,5.000000000000000000e+01,2.000000000000000111e-01,1.000000000000000056e-01,4.000000000000000000e+01,5.000000000000000000e+02,1.224489795918367596e-01
1.100000000000000000e+01,1.000000000000000000e+03,5.000000000000000000e+02,5.000000000000000000e+01,2.000000000000000111e-01,2.000000000000000111e-01,2.000000000000000000e+01,2.500000000000000000e+02,6.060606060606055223e-02
1.000000000000000000e+00,1.000000000000000000e+03,5.000000000000000000e+02,5.000000000000000000e+01,2.000000000000000111e-01,1.000000000000000056e-01,6.000000000000000000e+01,5.000000000000000000e+02,1.428571428571429047e-01
1.100000000000000000e+01,1.000000000000000000e+03,5.000000000000000000e+02,5.000000000000000000e+01,2.000000000000000111e-01,2.000000000000000111e-01,3.000000000000000000e+01,2.500000000000000000e+02,9.090909090909093937e-02
1.100000000000000000e+01,1.000000000000000000e+03,5.000000000000000000e+02,5.000000000000000000e+01,2.000000000000000111e-01,2.000000000000000111e-01,4.000000000000000000e+01,2.500000000000000000e+02,1.010101010101009944e-01
1.000000000000000000e+00,1.000000000000000000e+03,5.000000000000000000e+02,5.000000000000000000e+01,2.000000000000000111e-01,2.000000000000000111e-01,2.000000000000000000e+01,2.500000000000000000e+02,1.134020618556701443e-01
1.100000000000000000e+01,1.000000000000000000e+03,5.000000000000000000e+02,5.000000000000000000e+01,2.000000000000000111e-01,2.000000000000000111e-01,6.000000000000000000e+01,2.500000000000000000e+02,9.090909090909093937e-02
1.000000000000000000e+00,1.000000000000000000e+03,5.000000000000000000e+02,5.000000000000000000e+01,2.000000000000000111e-01,2.000000000000000111e-01,3.000000000000000000e+01,2.500000000000000000e+02,1.237113402061855716e-01
1.000000000000000000e+00,1.000000000000000000e+03,5.000000000000000000e+02,5.000000000000000000e+01,2.000000000000000111e-01,2.000000000000000111e-01,4.000000000000000000e+01,2.500000000000000000e+02,1.237113402061855716e-01
1.100000000000000000e+01,1.000000000000000000e+03,5.000000000000000000e+02,5.000000000000000000e+01,2.000000000000000111e-01,2.000000000000000111e-01,2.000000000000000000e+01,5.000000000000000000e+02,8.080808080808077332e-02
1.100000000000000000e+01,1.000000000000000000e+03,5.000000000000000000e+02,5.000000000000000000e+01,2.000000000000000111e-01,2.000000000000000111e-01,3.000000000000000000e+01,5.000000000000000000e+02,1.010101010101009944e-01
1.100000000000000000e+01,1.000000000000000000e+03,5.000000000000000000e+02,5.000000000000000000e+01,2.000000000000000111e-01,2.000000000000000111e-01,4.000000000000000000e+01,5.000000000000000000e+02,1.212121212121212155e-01
1.000000000000000000e+00,1.000000000000000000e+03,5.000000000000000000e+02,5.000000000000000000e+01,2.000000000000000111e-01,2.000000000000000111e-01,6.000000000000000000e+01,2.500000000000000000e+02,1.340206185567009989e-01
1.100000000000000000e+01,1.000000000000000000e+03,5.000000000000000000e+02,5.000000000000000000e+01,2.000000000000000111e-01,2.000000000000000111e-01,6.000000000000000000e+01,5.000000000000000000e+02,1.212121212121212155e-01
1.000000000000000000e+00,1.000000000000000000e+03,5.000000000000000000e+02,5.000000000000000000e+01,2.000000000000000111e-01,2.000000000000000111e-01,2.000000000000000000e+01,5.000000000000000000e+02,1.030927835051546060e-01
1.000000000000000000e+00,1.000000000000000000e+03,5.000000000000000000e+02,5.000000000000000000e+01,2.000000000000000111e-01,2.000000000000000111e-01,3.000000000000000000e+01,5.000000000000000000e+02,1.030927835051546060e-01
1.000000000000000000e+00,1.000000000000000000e+03,5.000000000000000000e+02,5.000000000000000000e+01,2.000000000000000111e-01,2.000000000000000111e-01,4.000000000000000000e+01,5.000000000000000000e+02,1.134020618556701443e-01
1.000000000000000000e+00,1.000000000000000000e+03,5.000000000000000000e+02,5.000000000000000000e+01,2.000000000000000111e-01,2.000000000000000111e-01,6.000000000000000000e+01,5.000000000000000000e+02,1.237113402061855716e-01
1.000000000000000000e+00,1.000000000000000000e+03,5.000000000000000000e+02,5.000000000000000000e+01,2.000000000000000111e-01,4.000000000000000222e-01,2.000000000000000000e+01,2.500000000000000000e+02,1.891891891891891442e-01
1.000000000000000000e+00,1.000000000000000000e+03,5.000000000000000000e+02,5.000000000000000000e+01,2.000000000000000111e-01,4.000000000000000222e-01,3.000000000000000000e+01,2.500000000000000000e+02,2.054054054054054168e-01
1.000000000000000000e+00,1.000000000000000000e+03,5.000000000000000000e+02,5.000000000000000000e+01,2.000000000000000111e-01,4.000000000000000222e-01,4.000000000000000000e+01,2.500000000000000000e+02,1.891891891891891442e-01
2.100000000000000000e+01,1.000000000000000000e+03,5.000000000000000000e+02,5.000000000000000000e+01,2.000000000000000111e-01,1.000000000000000056e-01,6.000000000000000000e+01,2.500000000000000000e+02,1.020408163265306145e-01
1.000000000000000000e+00,1.000000000000000000e+03,5.000000000000000000e+02,5.000000000000000000e+01,2.000000000000000111e-01,4.000000000000000222e-01,6.000000000000000000e+01,2.500000000000000000e+02,1.999999999999999556e-01
1.000000000000000000e+00,1.000000000000000000e+03,5.000000000000000000e+02,5.000000000000000000e+01,2.000000000000000111e-01,4.000000000000000222e-01,2.000000000000000000e+01,5.000000000000000000e+02,2.432432432432432012e-01
1.000000000000000000e+00,1.000000000000000000e+03,5.000000000000000000e+02,5.000000000000000000e+01,2.000000000000000111e-01,4.000000000000000222e-01,3.000000000000000000e+01,5.000000000000000000e+02,2.162162162162162282e-01
2.100000000000000000e+01,1.000000000000000000e+03,5.000000000000000000e+02,5.000000000000000000e+01,2.000000000000000111e-01,1.000000000000000056e-01,2.000000000000000000e+01,5.000000000000000000e+02,8.163265306122446940e-02
1.000000000000000000e+00,1.000000000000000000e+03,5.000000000000000000e+02,5.000000000000000000e+01,2.000000000000000111e-01,4.000000000000000222e-01,4.000000000000000000e+01,5.000000000000000000e+02,2.108108108108107670e-01
1.100000000000000000e+01,1.000000000000000000e+03,5.000000000000000000e+02,5.000000000000000000e+01,2.000000000000000111e-01,4.000000000000000222e-01,2.000000000000000000e+01,2.500000000000000000e+02,7.909604519774016129e-02
1.000000000000000000e+00,1.000000000000000000e+03,5.000000000000000000e+02,5.000000000000000000e+01,2.000000000000000111e-01,4.000000000000000222e-01,6.000000000000000000e+01,5.000000000000000000e+02,2.108108108108107670e-01
2.100000000000000000e+01,1.000000000000000000e+03,5.000000000000000000e+02,5.000000000000000000e+01,2.000000000000000111e-01,1.000000000000000056e-01,3.000000000000000000e+01,5.000000000000000000e+02,8.163265306122446940e-02
2.100000000000000000e+01,1.000000000000000000e+03,5.000000000000000000e+02,5.000000000000000000e+01,2.000000000000000111e-01,1.000000000000000056e-01,4.000000000000000000e+01,5.000000000000000000e+02,8.163265306122446940e-02
1.000000000000000000e+00,1.000000000000000000e+03,5.000000000000000000e+02,5.000000000000000000e+01,4.000000000000000222e-01,1.000000000000000056e-01,2.000000000000000000e+01,2.500000000000000000e+02,2.000000000000001776e-02
1.100000000000000000e+01,1.000000000000000000e+03,5.000000000000000000e+02,5.000000000000000000e+01,2.000000000000000111e-01,4.000000000000000222e-01,3.000000000000000000e+01,2.500000000000000000e+02,1.412429378531073754e-01
1.000000000000000000e+00,1.000000000000000000e+03,5.000000000000000000e+02,5.000000000000000000e+01,4.000000000000000222e-01,1.000000000000000056e-01,3.000000000000000000e+01,2.500000000000000000e+02,2.000000000000001776e-02
1.000000000000000000e+00,1.000000000000000000e+03,5.000000000000000000e+02,5.000000000000000000e+01,4.000000000000000222e-01,1.000000000000000056e-01,4.000000000000000000e+01,2.500000000000000000e+02,4.000000000000003553e-02
2.100000000000000000e+01,1.000000000000000000e+03,5.000000000000000000e+02,5.000000000000000000e+01,2.000000000000000111e-01,1.000000000000000056e-01,6.000000000000000000e+01,5.000000000000000000e+02,1.428571428571429047e-01
1.000000000000000000e+00,1.000000000000000000e+03,5.000000000000000000e+02,5.000000000000000000e+01,4.000000000000000222e-01,1.000000000000000056e-01,6.000000000000000000e+01,2.500000000000000000e+02,4.000000000000003553e-02
2.100000000000000000e+01,1.000000000000000000e+03,5.000000000000000000e+02,5.000000000000000000e+01,2.000000000000000111e-01,2.000000000000000111e-01,2.000000000000000000e+01,2.500000000000000000e+02,6.315789473684207955e-02
1.100000000000000000e+01,1.000000000000000000e+03,5.000000000000000000e+02,5.000000000000000000e+01,2.000000000000000111e-01,4.000000000000000222e-01,4.000000000000000000e+01,2.500000000000000000e+02,1.016949152542372392e-01
2.100000000000000000e+01,1.000000000000000000e+03,5.000000000000000000e+02,5.000000000000000000e+01,2.000000000000000111e-01,2.000000000000000111e-01,3.000000000000000000e+01,2.500000000000000000e+02,9.473684210526311933e-02
1.000000000000000000e+00,1.000000000000000000e+03,5.000000000000000000e+02,5.000000000000000000e+01,4.000000000000000222e-01,1.000000000000000056e-01,2.000000000000000000e+01,5.000000000000000000e+02,4.000000000000003553e-02
2.100000000000000000e+01,1.000000000000000000e+03,5.000000000000000000e+02,5.000000000000000000e+01,2.000000000000000111e-01,2.000000000000000111e-01,4.000000000000000000e+01,2.500000000000000000e+02,1.157894736842105532e-01
1.000000000000000000e+00,1.000000000000000000e+03,5.000000000000000000e+02,5.000000000000000000e+01,4.000000000000000222e-01,1.000000000000000056e-01,3.000000000000000000e+01,5.000000000000000000e+02,4.000000000000003553e-02
1.000000000000000000e+00,1.000000000000000000e+03,5.000000000000000000e+02,5.000000000000000000e+01,4.000000000000000222e-01,1.000000000000000056e-01,4.000000000000000000e+01,5.000000000000000000e+02,4.000000000000003553e-02
2.100000000000000000e+01,1.000000000000000000e+03,5.000000000000000000e+02,5.000000000000000000e+01,2.000000000000000111e-01,2.000000000000000111e-01,6.000000000000000000e+01,2.500000000000000000e+02,1.263157894736841591e-01
2.100000000000000000e+01,1.000000000000000000e+03,5.000000000000000000e+02,5.000000000000000000e+01,2.000000000000000111e-01,2.000000000000000111e-01,2.000000000000000000e+01,5.000000000000000000e+02,9.473684210526311933e-02
1.000000000000000000e+00,1.000000000000000000e+03,5.000000000000000000e+02,5.000000000000000000e+01,4.000000000000000222e-01,1.000000000000000056e-01,6.000000000000000000e+01,5.000000000000000000e+02,4.000000000000003553e-02
2.100000000000000000e+01,1.000000000000000000e+03,5.000000000000000000e+02,5.000000000000000000e+01,2.000000000000000111e-01,2.000000000000000111e-01,3.000000000000000000e+01,5.000000000000000000e+02,1.052631578947368363e-01
2.100000000000000000e+01,1.000000000000000000e+03,5.000000000000000000e+02,5.000000000000000000e+01,2.000000000000000111e-01,2.000000000000000111e-01,4.000000000000000000e+01,5.000000000000000000e+02,1.157894736842105532e-01
2.100000000000000000e+01,1.000000000000000000e+03,5.000000000000000000e+02,5.000000000000000000e+01,2.000000000000000111e-01,2.000000000000000111e-01,6.000000000000000000e+01,5.000000000000000000e+02,9.473684210526311933e-02
1.100000000000000000e+01,1.000000000000000000e+03,5.000000000000000000e+02,5.000000000000000000e+01,2.000000000000000111e-01,4.000000000000000222e-01,6.000000000000000000e+01,2.500000000000000000e+02,7.909604519774016129e-02
1.100000000000000000e+01,1.000000000000000000e+03,5.000000000000000000e+02,5.000000000000000000e+01,2.000000000000000111e-01,4.000000000000000222e-01,2.000000000000000000e+01,5.000000000000000000e+02,5.084745762711861961e-02
1.100000000000000000e+01,1.000000000000000000e+03,5.000000000000000000e+02,5.000000000000000000e+01,2.000000000000000111e-01,4.000000000000000222e-01,3.000000000000000000e+01,5.000000000000000000e+02,4.519774011299437788e-02
1.100000000000000000e+01,1.000000000000000000e+03,5.000000000000000000e+02,5.000000000000000000e+01,2.000000000000000111e-01,4.000000000000000222e-01,4.000000000000000000e+01,5.000000000000000000e+02,1.186440677966101864e-01
1.100000000000000000e+01,1.000000000000000000e+03,5.000000000000000000e+02,5.000000000000000000e+01,2.000000000000000111e-01,4.000000000000000222e-01,6.000000000000000000e+01,5.000000000000000000e+02,1.242937853107344282e-01
2.100000000000000000e+01,1.000000000000000000e+03,5.000000000000000000e+02,5.000000000000000000e+01,2.000000000000000111e-01,4.000000000000000222e-01,2.000000000000000000e+01,2.500000000000000000e+02,2.383419689119170570e-01
1.100000000000000000e+01,1.000000000000000000e+03,5.000000000000000000e+02,5.000000000000000000e+01,4.000000000000000222e-01,1.000000000000000056e-01,2.000000000000000000e+01,2.500000000000000000e+02,6.000000000000005329e-02
1.000000000000000000e+00,1.000000000000000000e+03,5.000000000000000000e+02,5.000000000000000000e+01,4.000000000000000222e-01,2.000000000000000111e-01,2.000000000000000000e+01,2.500000000000000000e+02,3.030303030303027612e-02
2.100000000000000000e+01,1.000000000000000000e+03,5.000000000000000000e+02,5.000000000000000000e+01,2.000000000000000111e-01,4.000000000000000222e-01,3.000000000000000000e+01,2.500000000000000000e+02,2.435233160621761428e-01
1.100000000000000000e+01,1.000000000000000000e+03,5.000000000000000000e+02,5.000000000000000000e+01,4.000000000000000222e-01,1.000000000000000056e-01,3.000000000000000000e+01,2.500000000000000000e+02,7.999999999999996003e-02
1.100000000000000000e+01,1.000000000000000000e+03,5.000000000000000000e+02,5.000000000000000000e+01,4.000000000000000222e-01,1.000000000000000056e-01,4.000000000000000000e+01,2.500000000000000000e+02,7.999999999999996003e-02
2.100000000000000000e+01,1.000000000000000000e+03,5.000000000000000000e+02,5.000000000000000000e+01,2.000000000000000111e-01,4.000000000000000222e-01,4.000000000000000000e+01,2.500000000000000000e+02,1.813471502590673357e-01
1.000000000000000000e+00,1.000000000000000000e+03,5.000000000000000000e+02,5.000000000000000000e+01,4.000000000000000222e-01,2.000000000000000111e-01,3.000000000000000000e+01,2.500000000000000000e+02,3.030303030303027612e-02
1.100000000000000000e+01,1.000000000000000000e+03,5.000000000000000000e+02,5.000000000000000000e+01,4.000000000000000222e-01,1.000000000000000056e-01,6.000000000000000000e+01,2.500000000000000000e+02,7.999999999999996003e-02
1.100000000000000000e+01,1.000000000000000000e+03,5.000000000000000000e+02,5.000000000000000000e+01,4.000000000000000222e-01,1.000000000000000056e-01,2.000000000000000000e+01,5.000000000000000000e+02,7.999999999999996003e-02
1.100000000000000000e+01,1.000000000000000000e+03,5.000000000000000000e+02,5.000000000000000000e+01,4.000000000000000222e-01,1.000000000000000056e-01,3.000000000000000000e+01,5.000000000000000000e+02,7.999999999999996003e-02
1.100000000000000000e+01,1.000000000000000000e+03,5.000000000000000000e+02,5.000000000000000000e+01,4.000000000000000222e-01,1.000000000000000056e-01,4.000000000000000000e+01,5.000000000000000000e+02,9.999999999999997780e-02
2.100000000000000000e+01,1.000000000000000000e+03,5.000000000000000000e+02,5.000000000000000000e+01,2.000000000000000111e-01,4.000000000000000222e-01,6.000000000000000000e+01,2.500000000000000000e+02,2.072538860103626535e-01
1.000000000000000000e+00,1.000000000000000000e+03,5.000000000000000000e+02,5.000000000000000000e+01,4.000000000000000222e-01,2.000000000000000111e-01,4.000000000000000000e+01,2.500000000000000000e+02,3.030303030303027612e-02
1.100000000000000000e+01,1.000000000000000000e+03,5.000000000000000000e+02,5.000000000000000000e+01,4.000000000000000222e-01,1.000000000000000056e-01,6.000000000000000000e+01,5.000000000000000000e+02,9.999999999999997780e-02
2.100000000000000000e+01,1.000000000000000000e+03,5.000000000000000000e+02,5.000000000000000000e+01,2.000000000000000111e-01,4.000000000000000222e-01,2.000000000000000000e+01,5.000000000000000000e+02,1.243523316062176143e-01
2.100000000000000000e+01,1.000000000000000000e+03,5.000000000000000000e+02,5.000000000000000000e+01,2.000000000000000111e-01,4.000000000000000222e-01,3.000000000000000000e+01,5.000000000000000000e+02,1.502590673575129321e-01
2.100000000000000000e+01,1.000000000000000000e+03,5.000000000000000000e+02,5.000000000000000000e+01,2.000000000000000111e-01,4.000000000000000222e-01,4.000000000000000000e+01,5.000000000000000000e+02,1.761658031088082499e-01
2.100000000000000000e+01,1.000000000000000000e+03,5.000000000000000000e+02,5.000000000000000000e+01,2.000000000000000111e-01,4.000000000000000222e-01,6.000000000000000000e+01,5.000000000000000000e+02,1.709844559585492751e-01
1.100000000000000000e+01,1.000000000000000000e+03,5.000000000000000000e+02,5.000000000000000000e+01,4.000000000000000222e-01,2.000000000000000111e-01,2.000000000000000000e+01,2.500000000000000000e+02,7.999999999999996003e-02
1.100000000000000000e+01,1.000000000000000000e+03,5.000000000000000000e+02,5.000000000000000000e+01,4.000000000000000222e-01,2.000000000000000111e-01,3.000000000000000000e+01,2.500000000000000000e+02,8.999999999999996891e-02
1.100000000000000000e+01,1.000000000000000000e+03,5.000000000000000000e+02,5.000000000000000000e+01,4.000000000000000222e-01,2.000000000000000111e-01,4.000000000000000000e+01,2.500000000000000000e+02,8.999999999999996891e-02
1.000000000000000000e+00,1.000000000000000000e+03,5.000000000000000000e+02,5.000000000000000000e+01,4.000000000000000222e-01,2.000000000000000111e-01,6.000000000000000000e+01,2.500000000000000000e+02,3.030303030303027612e-02
1.100000000000000000e+01,1.000000000000000000e+03,5.000000000000000000e+02,5.000000000000000000e+01,4.000000000000000222e-01,2.000000000000000111e-01,6.000000000000000000e+01,2.500000000000000000e+02,9.999999999999997780e-02
2.100000000000000000e+01,1.000000000000000000e+03,5.000000000000000000e+02,5.000000000000000000e+01,4.000000000000000222e-01,1.000000000000000056e-01,2.000000000000000000e+01,2.500000000000000000e+02,0.000000000000000000e+00
1.100000000000000000e+01,1.000000000000000000e+03,5.000000000000000000e+02,5.000000000000000000e+01,4.000000000000000222e-01,2.000000000000000111e-01,2.000000000000000000e+01,5.000000000000000000e+02,9.999999999999997780e-02
1.100000000000000000e+01,1.000000000000000000e+03,5.000000000000000000e+02,5.000000000000000000e+01,4.000000000000000222e-01,2.000000000000000111e-01,3.000000000000000000e+01,5.000000000000000000e+02,7.999999999999996003e-02
1.100000000000000000e+01,1.000000000000000000e+03,5.000000000000000000e+02,5.000000000000000000e+01,4.000000000000000222e-01,2.000000000000000111e-01,4.000000000000000000e+01,5.000000000000000000e+02,8.999999999999996891e-02
1.000000000000000000e+00,1.000000000000000000e+03,5.000000000000000000e+02,5.000000000000000000e+01,4.000000000000000222e-01,2.000000000000000111e-01,2.000000000000000000e+01,5.000000000000000000e+02,3.030303030303027612e-02
1.100000000000000000e+01,1.000000000000000000e+03,5.000000000000000000e+02,5.000000000000000000e+01,4.000000000000000222e-01,2.000000000000000111e-01,6.000000000000000000e+01,5.000000000000000000e+02,1.099999999999999867e-01
2.100000000000000000e+01,1.000000000000000000e+03,5.000000000000000000e+02,5.000000000000000000e+01,4.000000000000000222e-01,1.000000000000000056e-01,3.000000000000000000e+01,2.500000000000000000e+02,0.000000000000000000e+00
1.000000000000000000e+00,1.000000000000000000e+03,5.000000000000000000e+02,5.000000000000000000e+01,4.000000000000000222e-01,2.000000000000000111e-01,3.000000000000000000e+01,5.000000000000000000e+02,3.030303030303027612e-02
1.000000000000000000e+00,1.000000000000000000e+03,5.000000000000000000e+02,5.000000000000000000e+01,4.000000000000000222e-01,2.000000000000000111e-01,4.000000000000000000e+01,5.000000000000000000e+02,3.030303030303027612e-02
2.100000000000000000e+01,1.000000000000000000e+03,5.000000000000000000e+02,5.000000000000000000e+01,4.000000000000000222e-01,1.000000000000000056e-01,4.000000000000000000e+01,2.500000000000000000e+02,2.000000000000001776e-02
1.000000000000000000e+00,1.000000000000000000e+03,5.000000000000000000e+02,5.000000000000000000e+01,4.000000000000000222e-01,2.000000000000000111e-01,6.000000000000000000e+01,5.000000000000000000e+02,3.030303030303027612e-02
1.100000000000000000e+01,1.000000000000000000e+03,5.000000000000000000e+02,5.000000000000000000e+01,4.000000000000000222e-01,4.000000000000000222e-01,2.000000000000000000e+01,2.500000000000000000e+02,8.376963350785338047e-02
2.100000000000000000e+01,1.000000000000000000e+03,5.000000000000000000e+02,5.000000000000000000e+01,4.000000000000000222e-01,1.000000000000000056e-01,6.000000000000000000e+01,2.500000000000000000e+02,4.000000000000003553e-02
1.100000000000000000e+01,1.000000000000000000e+03,5.000000000000000000e+02,5.000000000000000000e+01,4.000000000000000222e-01,4.000000000000000222e-01,3.000000000000000000e+01,2.500000000000000000e+02,8.376963350785338047e-02
2.100000000000000000e+01,1.000000000000000000e+03,5.000000000000000000e+02,5.000000000000000000e+01,4.000000000000000222e-01,1.000000000000000056e-01,2.000000000000000000e+01,5.000000000000000000e+02,0.000000000000000000e+00
2.100000000000000000e+01,1.000000000000000000e+03,5.000000000000000000e+02,5.000000000000000000e+01,4.000000000000000222e-01,1.000000000000000056e-01,3.000000000000000000e+01,5.000000000000000000e+02,0.000000000000000000e+00
1.100000000000000000e+01,1.000000000000000000e+03,5.000000000000000000e+02,5.000000000000000000e+01,4.000000000000000222e-01,4.000000000000000222e-01,4.000000000000000000e+01,2.500000000000000000e+02,9.424083769633506691e-02
2.100000000000000000e+01,1.000000000000000000e+03,5.000000000000000000e+02,5.000000000000000000e+01,4.000000000000000222e-01,1.000000000000000056e-01,4.000000000000000000e+01,5.000000000000000000e+02,0.000000000000000000e+00
1.000000000000000000e+00,1.000000000000000000e+03,5.000000000000000000e+02,5.000000000000000000e+01,4.000000000000000222e-01,4.000000000000000222e-01,2.000000000000000000e+01,2.500000000000000000e+02,1.604278074866305470e-02
2.100000000000000000e+01,1.000000000000000000e+03,5.000000000000000000e+02,5.000000000000000000e+01,4.000000000000000222e-01,1.000000000000000056e-01,6.000000000000000000e+01,5.000000000000000000e+02,0.000000000000000000e+00
1.000000000000000000e+00,1.000000000000000000e+03,5.000000000000000000e+02,5.000000000000000000e+01,4.000000000000000222e-01,4.000000000000000222e-01,3.000000000000000000e+01,2.500000000000000000e+02,3.743315508021394233e-02
1.100000000000000000e+01,1.000000000000000000e+03,5.000000000000000000e+02,5.000000000000000000e+01,4.000000000000000222e-01,4.000000000000000222e-01,6.000000000000000000e+01,2.500000000000000000e+02,1.099476439790575411e-01
2.100000000000000000e+01,1.000000000000000000e+03,5.000000000000000000e+02,5.000000000000000000e+01,4.000000000000000222e-01,2.000000000000000111e-01,2.000000000000000000e+01,2.500000000000000000e+02,5.208333333333337034e-02
1.000000000000000000e+00,1.000000000000000000e+03,5.000000000000000000e+02,5.000000000000000000e+01,4.000000000000000222e-01,4.000000000000000222e-01,4.000000000000000000e+01,2.500000000000000000e+02,6.417112299465244085e-02
1.100000000000000000e+01,1.000000000000000000e+03,5.000000000000000000e+02,5.000000000000000000e+01,4.000000000000000222e-01,4.000000000000000222e-01,2.000000000000000000e+01,5.000000000000000000e+02,1.099476439790575411e-01
1.100000000000000000e+01,1.000000000000000000e+03,5.000000000000000000e+02,5.000000000000000000e+01,4.000000000000000222e-01,4.000000000000000222e-01,3.000000000000000000e+01,5.000000000000000000e+02,1.099476439790575411e-01
1.100000000000000000e+01,1.000000000000000000e+03,5.000000000000000000e+02,5.000000000000000000e+01,4.000000000000000222e-01,4.000000000000000222e-01,4.000000000000000000e+01,5.000000000000000000e+02,1.047120418848167533e-01
2.100000000000000000e+01,1.000000000000000000e+03,5.000000000000000000e+02,5.000000000000000000e+01,4.000000000000000222e-01,2.000000000000000111e-01,3.000000000000000000e+01,2.500000000000000000e+02,6.250000000000000000e-02
1.100000000000000000e+01,1.000000000000000000e+03,5.000000000000000000e+02,5.000000000000000000e+01,4.000000000000000222e-01,4.000000000000000222e-01,6.000000000000000000e+01,5.000000000000000000e+02,9.424083769633506691e-02
1.200000000000000000e+01,1.000000000000000000e+03,5.000000000000000000e+02,5.000000000000000000e+01,1.000000000000000056e-01,1.000000000000000056e-01,2.000000000000000000e+01,2.500000000000000000e+02,1.875000000000000000e-01
1.200000000000000000e+01,1.000000000000000000e+03,5.000000000000000000e+02,5.000000000000000000e+01,1.000000000000000056e-01,1.000000000000000056e-01,3.000000000000000000e+01,2.500000000000000000e+02,2.083333333333333703e-01
1.200000000000000000e+01,1.000000000000000000e+03,5.000000000000000000e+02,5.000000000000000000e+01,1.000000000000000056e-01,1.000000000000000056e-01,4.000000000000000000e+01,2.500000000000000000e+02,2.083333333333333703e-01
2.100000000000000000e+01,1.000000000000000000e+03,5.000000000000000000e+02,5.000000000000000000e+01,4.000000000000000222e-01,2.000000000000000111e-01,4.000000000000000000e+01,2.500000000000000000e+02,6.250000000000000000e-02
1.200000000000000000e+01,1.000000000000000000e+03,5.000000000000000000e+02,5.000000000000000000e+01,1.000000000000000056e-01,1.000000000000000056e-01,6.000000000000000000e+01,2.500000000000000000e+02,2.291666666666666297e-01
1.200000000000000000e+01,1.000000000000000000e+03,5.000000000000000000e+02,5.000000000000000000e+01,1.000000000000000056e-01,1.000000000000000056e-01,2.000000000000000000e+01,5.000000000000000000e+02,2.500000000000000000e-01
1.200000000000000000e+01,1.000000000000000000e+03,5.000000000000000000e+02,5.000000000000000000e+01,1.000000000000000056e-01,1.000000000000000056e-01,3.000000000000000000e+01,5.000000000000000000e+02,2.708333333333333703e-01
1.200000000000000000e+01,1.000000000000000000e+03,5.000000000000000000e+02,5.000000000000000000e+01,1.000000000000000056e-01,1.000000000000000056e-01,4.000000000000000000e+01,5.000000000000000000e+02,3.125000000000000000e-01
1.000000000000000000e+00,1.000000000000000000e+03,5.000000000000000000e+02,5.000000000000000000e+01,4.000000000000000222e-01,4.000000000000000222e-01,6.000000000000000000e+01,2.500000000000000000e+02,3.743315508021394233e-02
1.200000000000000000e+01,1.000000000000000000e+03,5.000000000000000000e+02,5.000000000000000000e+01,1.000000000000000056e-01,1.000000000000000056e-01,6.000000000000000000e+01,5.000000000000000000e+02,3.333333333333333703e-01
1.200000000000000000e+01,1.000000000000000000e+03,5.000000000000000000e+02,5.000000000000000000e+01,1.000000000000000056e-01,2.000000000000000111e-01,2.000000000000000000e+01,2.500000000000000000e+02,1.521739130434782705e-01
1.200000000000000000e+01,1.000000000000000000e+03,5.000000000000000000e+02,5.000000000000000000e+01,1.000000000000000056e-01,2.000000000000000111e-01,3.000000000000000000e+01,2.500000000000000000e+02,1.521739130434782705e-01
1.200000000000000000e+01,1.000000000000000000e+03,5.000000000000000000e+02,5.000000000000000000e+01,1.000000000000000056e-01,2.000000000000000111e-01,4.000000000000000000e+01,2.500000000000000000e+02,1.847826086956522174e-01
1.200000000000000000e+01,1.000000000000000000e+03,5.000000000000000000e+02,5.000000000000000000e+01,1.000000000000000056e-01,2.000000000000000111e-01,6.000000000000000000e+01,2.500000000000000000e+02,2.065217391304348116e-01
1.000000000000000000e+00,1.000000000000000000e+03,5.000000000000000000e+02,5.000000000000000000e+01,4.000000000000000222e-01,4.000000000000000222e-01,2.000000000000000000e+01,5.000000000000000000e+02,5.347593582887699704e-02
1.200000000000000000e+01,1.000000000000000000e+03,5.000000000000000000e+02,5.000000000000000000e+01,1.000000000000000056e-01,2.000000000000000111e-01,2.000000000000000000e+01,5.000000000000000000e+02,1.630434782608695121e-01
1.200000000000000000e+01,1.000000000000000000e+03,5.000000000000000000e+02,5.000000000000000000e+01,1.000000000000000056e-01,2.000000000000000111e-01,3.000000000000000000e+01,5.000000000000000000e+02,1.847826086956522174e-01
2.100000000000000000e+01,1.000000000000000000e+03,5.000000000000000000e+02,5.000000000000000000e+01,4.000000000000000222e-01,2.000000000000000111e-01,6.000000000000000000e+01,2.500000000000000000e+02,7.291666666666662966e-02
1.200000000000000000e+01,1.000000000000000000e+03,5.000000000000000000e+02,5.000000000000000000e+01,1.000000000000000056e-01,2.000000000000000111e-01,4.000000000000000000e+01,5.000000000000000000e+02,1.956521739130434590e-01
1.000000000000000000e+00,1.000000000000000000e+03,5.000000000000000000e+02,5.000000000000000000e+01,4.000000000000000222e-01,4.000000000000000222e-01,3.000000000000000000e+01,5.000000000000000000e+02,5.882352941176471894e-02
1.200000000000000000e+01,1.000000000000000000e+03,5.000000000000000000e+02,5.000000000000000000e+01,1.000000000000000056e-01,2.000000000000000111e-01,6.000000000000000000e+01,5.000000000000000000e+02,2.173913043478260532e-01
1.200000000000000000e+01,1.000000000000000000e+03,5.000000000000000000e+02,5.000000000000000000e+01,1.000000000000000056e-01,4.000000000000000222e-01,2.000000000000000000e+01,2.500000000000000000e+02,6.467391304347825942e-01
1.200000000000000000e+01,1.000000000000000000e+03,5.000000000000000000e+02,5.000000000000000000e+01,1.000000000000000056e-01,4.000000000000000222e-01,3.000000000000000000e+01,2.500000000000000000e+02,6.304347826086956763e-01
1.200000000000000000e+01,1.000000000000000000e+03,5.000000000000000000e+02,5.000000000000000000e+01,1.000000000000000056e-01,4.000000000000000222e-01,4.000000000000000000e+01,2.500000000000000000e+02,6.358695652173913526e-01
1.200000000000000000e+01,1.000000000000000000e+03,5.000000000000000000e+02,5.000000000000000000e+01,1.000000000000000056e-01,4.000000000000000222e-01,6.000000000000000000e+01,2.500000000000000000e+02,6.413043478260869179e-01
2.100000000000000000e+01,1.000000000000000000e+03,5.000000000000000000e+02,5.000000000000000000e+01,4.000000000000000222e-01,2.000000000000000111e-01,2.000000000000000000e+01,5.000000000000000000e+02,6.250000000000000000e-02
1.000000000000000000e+00,1.000000000000000000e+03,5.000000000000000000e+02,5.000000000000000000e+01,4.000000000000000222e-01,4.000000000000000222e-01,4.000000000000000000e+01,5.000000000000000000e+02,6.417112299465244085e-02
1.200000000000000000e+01,1.000000000000000000e+03,5.000000000000000000e+02,5.000000000000000000e+01,1.000000000000000056e-01,4.000000000000000222e-01,2.000000000000000000e+01,5.000000000000000000e+02,3.804347826086956763e-01
1.200000000000000000e+01,1.000000000000000000e+03,5.000000000000000000e+02,5.000000000000000000e+01,1.000000000000000056e-01,4.000000000000000222e-01,3.000000000000000000e+01,5.000000000000000000e+02,3.804347826086956763e-01
1.200000000000000000e+01,1.000000000000000000e+03,5.000000000000000000e+02,5.000000000000000000e+01,1.000000000000000056e-01,4.000000000000000222e-01,4.000000000000000000e+01,5.000000000000000000e+02,3.858695652173913526e-01
2.100000000000000000e+01,1.000000000000000000e+03,5.000000000000000000e+02,5.000000000000000000e+01,4.000000000000000222e-01,2.000000000000000111e-01,3.000000000000000000e+01,5.000000000000000000e+02,7.291666666666662966e-02
1.200000000000000000e+01,1.000000000000000000e+03,5.000000000000000000e+02,5.000000000000000000e+01,1.000000000000000056e-01,4.000000000000000222e-01,6.000000000000000000e+01,5.000000000000000000e+02,4.293478260869565410e-01
2.100000000000000000e+01,1.000000000000000000e+03,5.000000000000000000e+02,5.000000000000000000e+01,4.000000000000000222e-01,2.000000000000000111e-01,4.000000000000000000e+01,5.000000000000000000e+02,8.333333333333337034e-02
1.200000000000000000e+01,1.000000000000000000e+03,5.000000000000000000e+02,5.000000000000000000e+01,2.000000000000000111e-01,1.000000000000000056e-01,2.000000000000000000e+01,2.500000000000000000e+02,9.999999999999997780e-02
1.200000000000000000e+01,1.000000000000000000e+03,5.000000000000000000e+02,5.000000000000000000e+01,2.000000000000000111e-01,1.000000000000000056e-01,3.000000000000000000e+01,2.500000000000000000e+02,9.999999999999997780e-02
1.000000000000000000e+00,1.000000000000000000e+03,5.000000000000000000e+02,5.000000000000000000e+01,4.000000000000000222e-01,4.000000000000000222e-01,6.000000000000000000e+01,5.000000000000000000e+02,5.882352941176471894e-02
2.000000000000000000e+00,1.000000000000000000e+03,5.000000000000000000e+02,5.000000000000000000e+01,1.000000000000000056e-01,1.000000000000000056e-01,2.000000000000000000e+01,2.500000000000000000e+02,3.478260869565217295e-01
1.200000000000000000e+01,1.000000000000000000e+03,5.000000000000000000e+02,5.000000000000000000e+01,2.000000000000000111e-01,1.000000000000000056e-01,4.000000000000000000e+01,2.500000000000000000e+02,9.999999999999997780e-02
2.100000000000000000e+01,1.000000000000000000e+03,5.000000000000000000e+02,5.000000000000000000e+01,4.000000000000000222e-01,2.000000000000000111e-01,6.000000000000000000e+01,5.000000000000000000e+02,9.375000000000000000e-02
2.000000000000000000e+00,1.000000000000000000e+03,5.000000000000000000e+02,5.000000000000000000e+01,1.000000000000000056e-01,1.000000000000000056e-01,3.000000000000000000e+01,2.500000000000000000e+02,3.478260869565217295e-01
2.000000000000000000e+00,1.000000000000000000e+03,5.000000000000000000e+02,5.000000000000000000e+01,1.000000000000000056e-01,1.000000000000000056e-01,4.000000000000000000e+01,2.500000000000000000e+02,3.913043478260869179e-01
2.000000000000000000e+00,1.000000000000000000e+03,5.000000000000000000e+02,5.000000000000000000e+01,1.000000000000000056e-01,1.000000000000000056e-01,6.000000000000000000e+01,2.500000000000000000e+02,4.130434782608695121e-01
1.200000000000000000e+01,1.000000000000000000e+03,5.000000000000000000e+02,5.000000000000000000e+01,2.000000000000000111e-01,1.000000000000000056e-01,6.000000000000000000e+01,2.500000000000000000e+02,9.999999999999997780e-02
2.000000000000000000e+00,1.000000000000000000e+03,5.000000000000000000e+02,5.000000000000000000e+01,1.000000000000000056e-01,1.000000000000000056e-01,2.000000000000000000e+01,5.000000000000000000e+02,3.043478260869565410e-01
2.000000000000000000e+00,1.000000000000000000e+03,5.000000000000000000e+02,5.000000000000000000e+01,1.000000000000000056e-01,1.000000000000000056e-01,3.000000000000000000e+01,5.000000000000000000e+02,3.478260869565217295e-01
2.000000000000000000e+00,1.000000000000000000e+03,5.000000000000000000e+02,5.000000000000000000e+01,1.000000000000000056e-01,1.000000000000000056e-01,4.000000000000000000e+01,5.000000000000000000e+02,3.695652173913043237e-01
2.000000000000000000e+00,1.000000000000000000e+03,5.000000000000000000e+02,5.000000000000000000e+01,1.000000000000000056e-01,1.000000000000000056e-01,6.000000000000000000e+01,5.000000000000000000e+02,3.913043478260869179e-01
1.200000000000000000e+01,1.000000000000000000e+03,5.000000000000000000e+02,5.000000000000000000e+01,2.000000000000000111e-01,1.000000000000000056e-01,2.000000000000000000e+01,5.000000000000000000e+02,9.999999999999997780e-02
1.200000000000000000e+01,1.000000000000000000e+03,5.000000000000000000e+02,5.000000000000000000e+01,2.000000000000000111e-01,1.000000000000000056e-01,3.000000000000000000e+01,5.000000000000000000e+02,9.999999999999997780e-02
2.000000000000000000e+00,1.000000000000000000e+03,5.000000000000000000e+02,5.000000000000000000e+01,1.000000000000000056e-01,2.000000000000000111e-01,2.000000000000000000e+01,2.500000000000000000e+02,1.875000000000000000e-01
1.200000000000000000e+01,1.000000000000000000e+03,5.000000000000000000e+02,5.000000000000000000e+01,2.000000000000000111e-01,1.000000000000000056e-01,4.000000000000000000e+01,5.000000000000000000e+02,1.199999999999999956e-01
2.000000000000000000e+00,1.000000000000000000e+03,5.000000000000000000e+02,5.000000000000000000e+01,1.000000000000000056e-01,2.000000000000000111e-01,3.000000000000000000e+01,2.500000000000000000e+02,2.083333333333333703e-01
2.000000000000000000e+00,1.000000000000000000e+03,5.000000000000000000e+02,5.000000000000000000e+01,1.000000000000000056e-01,2.000000000000000111e-01,4.000000000000000000e+01,2.500000000000000000e+02,2.187500000000000000e-01
1.200000000000000000e+01,1.000000000000000000e+03,5.000000000000000000e+02,5.000000000000000000e+01,2.000000000000000111e-01,1.000000000000000056e-01,6.000000000000000000e+01,5.000000000000000000e+02,1.199999999999999956e-01
1.200000000000000000e+01,1.000000000000000000e+03,5.000000000000000000e+02,5.000000000000000000e+01,2.000000000000000111e-01,2.000000000000000111e-01,2.000000000000000000e+01,2.500000000000000000e+02,3.636363636363636465e-01
1.200000000000000000e+01,1.000000000000000000e+03,5.000000000000000000e+02,5.000000000000000000e+01,2.000000000000000111e-01,2.000000000000000111e-01,3.000000000000000000e+01,2.500000000000000000e+02,3.737373737373737015e-01
1.200000000000000000e+01,1.000000000000000000e+03,5.000000000000000000e+02,5.000000000000000000e+01,2.000000000000000111e-01,2.000000000000000111e-01,4.000000000000000000e+01,2.500000000000000000e+02,3.636363636363636465e-01
2.000000000000000000e+00,1.000000000000000000e+03,5.000000000000000000e+02,5.000000000000000000e+01,1.000000000000000056e-01,2.000000000000000111e-01,6.000000000000000000e+01,2.500000000000000000e+02,2.500000000000000000e-01
1.200000000000000000e+01,1.000000000000000000e+03,5.000000000000000000e+02,5.000000000000000000e+01,2.000000000000000111e-01,2.000000000000000111e-01,6.000000000000000000e+01,2.500000000000000000e+02,3.838383838383838675e-01
1.200000000000000000e+01,1.000000000000000000e+03,5.000000000000000000e+02,5.000000000000000000e+01,2.000000000000000111e-01,2.000000000000000111e-01,2.000000000000000000e+01,5.000000000000000000e+02,3.535353535353534804e-01
1.200000000000000000e+01,1.000000000000000000e+03,5.000000000000000000e+02,5.000000000000000000e+01,2.000000000000000111e-01,2.000000000000000111e-01,3.000000000000000000e+01,5.000000000000000000e+02,3.737373737373737015e-01
1.200000000000000000e+01,1.000000000000000000e+03,5.000000000000000000e+02,5.000000000000000000e+01,2.000000000000000111e-01,2.000000000000000111e-01,4.000000000000000000e+01,5.000000000000000000e+02,2.525252525252524860e-01
2.000000000000000000e+00,1.000000000000000000e+03,5.000000000000000000e+02,5.000000000000000000e+01,1.000000000000000056e-01,2.000000000000000111e-01,2.000000000000000000e+01,5.000000000000000000e+02,2.500000000000000000e-01
1.200000000000000000e+01,1.000000000000000000e+03,5.000000000000000000e+02,5.000000000000000000e+01,2.000000000000000111e-01,2.000000000000000111e-01,6.000000000000000000e+01,5.000000000000000000e+02,2.323232323232323759e-01
2.000000000000000000e+00,1.000000000000000000e+03,5.000000000000000000e+02,5.000000000000000000e+01,1.000000000000000056e-01,2.000000000000000111e-01,3.000000000000000000e+01,5.000000000000000000e+02,2.812500000000000000e-01
2.000000000000000000e+00,1.000000000000000000e+03,5.000000000000000000e+02,5.000000000000000000e+01,1.000000000000000056e-01,2.000000000000000111e-01,4.000000000000000000e+01,5.000000000000000000e+02,2.812500000000000000e-01
2.000000000000000000e+00,1.000000000000000000e+03,5.000000000000000000e+02,5.000000000000000000e+01,1.000000000000000056e-01,2.000000000000000111e-01,6.000000000000000000e+01,5.000000000000000000e+02,3.125000000000000000e-01
2.000000000000000000e+00,1.000000000000000000e+03,5.000000000000000000e+02,5.000000000000000000e+01,1.000000000000000056e-01,4.000000000000000222e-01,2.000000000000000000e+01,2.500000000000000000e+02,3.480662983425414359e-01
2.000000000000000000e+00,1.000000000000000000e+03,5.000000000000000000e+02,5.000000000000000000e+01,1.000000000000000056e-01,4.000000000000000222e-01,3.000000000000000000e+01,2.500000000000000000e+02,3.535911602209944604e-01
2.000000000000000000e+00,1.000000000000000000e+03,5.000000000000000000e+02,5.000000000000000000e+01,1.000000000000000056e-01,4.000000000000000222e-01,4.000000000000000000e+01,2.500000000000000000e+02,3.425414364640884113e-01
2.000000000000000000e+00,1.000000000000000000e+03,5.000000000000000000e+02,5.000000000000000000e+01,1.000000000000000056e-01,4.000000000000000222e-01,6.000000000000000000e+01,2.500000000000000000e+02,3.646408839779005095e-01
2.000000000000000000e+00,1.000000000000000000e+03,5.000000000000000000e+02,5.000000000000000000e+01,1.000000000000000056e-01,4.000000000000000222e-01,2.000000000000000000e+01,5.000000000000000000e+02,4.530386740331491247e-01
2.000000000000000000e+00,1.000000000000000000e+03,5.000000000000000000e+02,5.000000000000000000e+01,1.000000000000000056e-01,4.000000000000000222e-01,3.000000000000000000e+01,5.000000000000000000e+02,4.364640883977900510e-01
2.000000000000000000e+00,1.000000000000000000e+03,5.000000000000000000e+02,5.000000000000000000e+01,1.000000000000000056e-01,4.000000000000000222e-01,4.000000000000000000e+01,5.000000000000000000e+02,4.806629834254143585e-01
2.000000000000000000e+00,1.000000000000000000e+03,5.000000000000000000e+02,5.000000000000000000e+01,1.000000000000000056e-01,4.000000000000000222e-01,6.000000000000000000e+01,5.000000000000000000e+02,4.033149171270717925e-01
2.000000000000000000e+00,1.000000000000000000e+03,5.000000000000000000e+02,5.000000000000000000e+01,2.000000000000000111e-01,1.000000000000000056e-01,2.000000000000000000e+01,2.500000000000000000e+02,1.800000000000000488e-01
2.100000000000000000e+01,1.000000000000000000e+03,5.000000000000000000e+02,5.000000000000000000e+01,4.000000000000000222e-01,4.000000000000000222e-01,2.000000000000000000e+01,2.500000000000000000e+02,6.349206349206348854e-02
2.000000000000000000e+00,1.000000000000000000e+03,5.000000000000000000e+02,5.000000000000000000e+01,2.000000000000000111e-01,1.000000000000000056e-01,3.000000000000000000e+01,2.500000000000000000e+02,1.999999999999999556e-01
2.000000000000000000e+00,1.000000000000000000e+03,5.000000000000000000e+02,5.000000000000000000e+01,2.000000000000000111e-01,1.000000000000000056e-01,4.000000000000000000e+01,2.500000000000000000e+02,1.999999999999999556e-01
2.000000000000000000e+00,1.000000000000000000e+03,5.000000000000000000e+02,5.000000000000000000e+01,2.000000000000000111e-01,1.000000000000000056e-01,6.000000000000000000e+01,2.500000000000000000e+02,1.999999999999999556e-01
2.000000000000000000e+00,1.000000000000000000e+03,5.000000000000000000e+02,5.000000000000000000e+01,2.000000000000000111e-01,1.000000000000000056e-01,2.000000000000000000e+01,5.000000000000000000e+02,1.600000000000000311e-01
2.000000000000000000e+00,1.000000000000000000e+03,5.000000000000000000e+02,5.000000000000000000e+01,2.000000000000000111e-01,1.000000000000000056e-01,3.000000000000000000e+01,5.000000000000000000e+02,1.600000000000000311e-01
2.000000000000000000e+00,1.000000000000000000e+03,5.000000000000000000e+02,5.000000000000000000e+01,2.000000000000000111e-01,1.000000000000000056e-01,4.000000000000000000e+01,5.000000000000000000e+02,2.199999999999999734e-01
2.000000000000000000e+00,1.000000000000000000e+03,5.000000000000000000e+02,5.000000000000000000e+01,2.000000000000000111e-01,1.000000000000000056e-01,6.000000000000000000e+01,5.000000000000000000e+02,2.399999999999999911e-01
2.000000000000000000e+00,1.000000000000000000e+03,5.000000000000000000e+02,5.000000000000000000e+01,2.000000000000000111e-01,2.000000000000000111e-01,2.000000000000000000e+01,2.500000000000000000e+02,2.083333333333333703e-01
2.000000000000000000e+00,1.000000000000000000e+03,5.000000000000000000e+02,5.000000000000000000e+01,2.000000000000000111e-01,2.000000000000000111e-01,3.000000000000000000e+01,2.500000000000000000e+02,2.395833333333333703e-01
2.000000000000000000e+00,1.000000000000000000e+03,5.000000000000000000e+02,5.000000000000000000e+01,2.000000000000000111e-01,2.000000000000000111e-01,4.000000000000000000e+01,2.500000000000000000e+02,1.770833333333333703e-01
2.000000000000000000e+00,1.000000000000000000e+03,5.000000000000000000e+02,5.000000000000000000e+01,2.000000000000000111e-01,2.000000000000000111e-01,6.000000000000000000e+01,2.500000000000000000e+02,2.083333333333333703e-01
1.200000000000000000e+01,1.000000000000000000e+03,5.000000000000000000e+02,5.000000000000000000e+01,2.000000000000000111e-01,4.000000000000000222e-01,2.000000000000000000e+01,2.500000000000000000e+02,1.813471502590673357e-01
2.000000000000000000e+00,1.000000000000000000e+03,5.000000000000000000e+02,5.000000000000000000e+01,2.000000000000000111e-01,2.000000000000000111e-01,2.000000000000000000e+01,5.000000000000000000e+02,2.708333333333333703e-01
2.000000000000000000e+00,1.000000000000000000e+03,5.000000000000000000e+02,5.000000000000000000e+01,2.000000000000000111e-01,2.000000000000000111e-01,3.000000000000000000e+01,5.000000000000000000e+02,3.125000000000000000e-01
2.000000000000000000e+00,1.000000000000000000e+03,5.000000000000000000e+02,5.000000000000000000e+01,2.000000000000000111e-01,2.000000000000000111e-01,4.000000000000000000e+01,5.000000000000000000e+02,2.708333333333333703e-01
2.100000000000000000e+01,1.000000000000000000e+03,5.000000000000000000e+02,5.000000000000000000e+01,4.000000000000000222e-01,4.000000000000000222e-01,3.000000000000000000e+01,2.500000000000000000e+02,6.878306878306883476e-02
2.000000000000000000e+00,1.000000000000000000e+03,5.000000000000000000e+02,5.000000000000000000e+01,2.000000000000000111e-01,2.000000000000000111e-01,6.000000000000000000e+01,5.000000000000000000e+02,2.604166666666666297e-01
1.200000000000000000e+01,1.000000000000000000e+03,5.000000000000000000e+02,5.000000000000000000e+01,2.000000000000000111e-01,4.000000000000000222e-01,3.000000000000000000e+01,2.500000000000000000e+02,1.502590673575129321e-01
2.100000000000000000e+01,1.000000000000000000e+03,5.000000000000000000e+02,5.000000000000000000e+01,4.000000000000000222e-01,4.000000000000000222e-01,4.000000000000000000e+01,2.500000000000000000e+02,7.936507936507941618e-02
1.200000000000000000e+01,1.000000000000000000e+03,5.000000000000000000e+02,5.000000000000000000e+01,2.000000000000000111e-01,4.000000000000000222e-01,4.000000000000000000e+01,2.500000000000000000e+02,1.606217616580311036e-01
2.000000000000000000e+00,1.000000000000000000e+03,5.000000000000000000e+02,5.000000000000000000e+01,2.000000000000000111e-01,4.000000000000000222e-01,2.000000000000000000e+01,2.500000000000000000e+02,8.045977011494254150e-02
2.000000000000000000e+00,1.000000000000000000e+03,5.000000000000000000e+02,5.000000000000000000e+01,2.000000000000000111e-01,4.000000000000000222e-01,3.000000000000000000e+01,2.500000000000000000e+02,8.045977011494254150e-02
2.100000000000000000e+01,1.000000000000000000e+03,5.000000000000000000e+02,5.000000000000000000e+01,4.000000000000000222e-01,4.000000000000000222e-01,6.000000000000000000e+01,2.500000000000000000e+02,7.936507936507941618e-02
1.200000000000000000e+01,1.000000000000000000e+03,5.000000000000000000e+02,5.000000000000000000e+01,2.000000000000000111e-01,4.000000000000000222e-01,6.000000000000000000e+01,2.500000000000000000e+02,2.020725388601036787e-01
2.000000000000000000e+00,1.000000000000000000e+03,5.000000000000000000e+02,5.000000000000000000e+01,2.000000000000000111e-01,4.000000000000000222e-01,4.000000000000000000e+01,2.500000000000000000e+02,1.034482758620689502e-01
1.200000000000000000e+01,1.000000000000000000e+03,5.000000000000000000e+02,5.000000000000000000e+01,2.000000000000000111e-01,4.000000000000000222e-01,2.000000000000000000e+01,5.000000000000000000e+02,1.709844559585492751e-01
2.100000000000000000e+01,1.000000000000000000e+03,5.000000000000000000e+02,5.000000000000000000e+01,4.000000000000000222e-01,4.000000000000000222e-01,2.000000000000000000e+01,5.000000000000000000e+02,2.645502645502650907e-02
1.200000000000000000e+01,1.000000000000000000e+03,5.000000000000000000e+02,5.000000000000000000e+01,2.000000000000000111e-01,4.000000000000000222e-01,3.000000000000000000e+01,5.000000000000000000e+02,1.917098445595855072e-01
1.200000000000000000e+01,1.000000000000000000e+03,5.000000000000000000e+02,5.000000000000000000e+01,2.000000000000000111e-01,4.000000000000000222e-01,4.000000000000000000e+01,5.000000000000000000e+02,2.072538860103626535e-01
2.100000000000000000e+01,1.000000000000000000e+03,5.000000000000000000e+02,5.000000000000000000e+01,4.000000000000000222e-01,4.000000000000000222e-01,3.000000000000000000e+01,5.000000000000000000e+02,2.645502645502650907e-02
1.200000000000000000e+01,1.000000000000000000e+03,5.000000000000000000e+02,5.000000000000000000e+01,2.000000000000000111e-01,4.000000000000000222e-01,6.000000000000000000e+01,5.000000000000000000e+02,1.813471502590673357e-01
2.100000000000000000e+01,1.000000000000000000e+03,5.000000000000000000e+02,5.000000000000000000e+01,4.000000000000000222e-01,4.000000000000000222e-01,4.000000000000000000e+01,5.000000000000000000e+02,2.645502645502650907e-02
2.000000000000000000e+00,1.000000000000000000e+03,5.000000000000000000e+02,5.000000000000000000e+01,2.000000000000000111e-01,4.000000000000000222e-01,6.000000000000000000e+01,2.500000000000000000e+02,1.091954022988506079e-01
2.100000000000000000e+01,1.000000000000000000e+03,5.000000000000000000e+02,5.000000000000000000e+01,4.000000000000000222e-01,4.000000000000000222e-01,6.000000000000000000e+01,5.000000000000000000e+02,2.645502645502650907e-02
2.200000000000000000e+01,1.000000000000000000e+03,5.000000000000000000e+02,5.000000000000000000e+01,1.000000000000000056e-01,1.000000000000000056e-01,2.000000000000000000e+01,2.500000000000000000e+02,1.632653061224489388e-01
2.200000000000000000e+01,1.000000000000000000e+03,5.000000000000000000e+02,5.000000000000000000e+01,1.000000000000000056e-01,1.000000000000000056e-01,3.000000000000000000e+01,2.500000000000000000e+02,2.653061224489795533e-01
2.200000000000000000e+01,1.000000000000000000e+03,5.000000000000000000e+02,5.000000000000000000e+01,1.000000000000000056e-01,1.000000000000000056e-01,4.000000000000000000e+01,2.500000000000000000e+02,2.857142857142856984e-01
2.000000000000000000e+00,1.000000000000000000e+03,5.000000000000000000e+02,5.000000000000000000e+01,2.000000000000000111e-01,4.000000000000000222e-01,2.000000000000000000e+01,5.000000000000000000e+02,1.034482758620689502e-01
2.200000000000000000e+01,1.000000000000000000e+03,5.000000000000000000e+02,5.000000000000000000e+01,1.000000000000000056e-01,1.000000000000000056e-01,6.000000000000000000e+01,2.500000000000000000e+02,3.265306122448979886e-01
2.200000000000000000e+01,1.000000000000000000e+03,5.000000000000000000e+02,5.000000000000000000e+01,1.000000000000000056e-01,1.000000000000000056e-01,2.000000000000000000e+01,5.000000000000000000e+02,1.836734693877550839e-01
2.200000000000000000e+01,1.000000000000000000e+03,5.000000000000000000e+02,5.000000000000000000e+01,1.000000000000000056e-01,1.000000000000000056e-01,3.000000000000000000e+01,5.000000000000000000e+02,2.653061224489795533e-01
2.200000000000000000e+01,1.000000000000000000e+03,5.000000000000000000e+02,5.000000000000000000e+01,1.000000000000000056e-01,1.000000000000000056e-01,4.000000000000000000e+01,5.000000000000000000e+02,2.653061224489795533e-01
2.200000000000000000e+01,1.000000000000000000e+03,5.000000000000000000e+02,5.000000000000000000e+01,1.000000000000000056e-01,1.000000000000000056e-01,6.000000000000000000e+01,5.000000000000000000e+02,2.040816326530612290e-01
2.000000000000000000e+00,1.000000000000000000e+03,5.000000000000000000e+02,5.000000000000000000e+01,2.000000000000000111e-01,4.000000000000000222e-01,3.000000000000000000e+01,5.000000000000000000e+02,1.206896551724138122e-01
1.200000000000000000e+01,1.000000000000000000e+03,5.000000000000000000e+02,5.000000000000000000e+01,4.000000000000000222e-01,1.000000000000000056e-01,2.000000000000000000e+01,2.500000000000000000e+02,4.000000000000003553e-02
2.200000000000000000e+01,1.000000000000000000e+03,5.000000000000000000e+02,5.000000000000000000e+01,1.000000000000000056e-01,2.000000000000000111e-01,2.000000000000000000e+01,2.500000000000000000e+02,1.855670103092783574e-01
2.000000000000000000e+00,1.000000000000000000e+03,5.000000000000000000e+02,5.000000000000000000e+01,2.000000000000000111e-01,4.000000000000000222e-01,4.000000000000000000e+01,5.000000000000000000e+02,1.264367816091953589e-01
2.200000000000000000e+01,1.000000000000000000e+03,5.000000000000000000e+02,5.000000000000000000e+01,1.000000000000000056e-01,2.000000000000000111e-01,3.000000000000000000e+01,2.500000000000000000e+02,2.061855670103093230e-01
2.200000000000000000e+01,1.000000000000000000e+03,5.000000000000000000e+02,5.000000000000000000e+01,1.000000000000000056e-01,2.000000000000000111e-01,4.000000000000000000e+01,2.500000000000000000e+02,2.474226804123711432e-01
2.200000000000000000e+01,1.000000000000000000e+03,5.000000000000000000e+02,5.000000000000000000e+01,1.000000000000000056e-01,2.000000000000000111e-01,6.000000000000000000e+01,2.500000000000000000e+02,2.886597938144329634e-01
1.200000000000000000e+01,1.000000000000000000e+03,5.000000000000000000e+02,5.000000000000000000e+01,4.000000000000000222e-01,1.000000000000000056e-01,3.000000000000000000e+01,2.500000000000000000e+02,4.000000000000003553e-02
2.000000000000000000e+00,1.000000000000000000e+03,5.000000000000000000e+02,5.000000000000000000e+01,2.000000000000000111e-01,4.000000000000000222e-01,6.000000000000000000e+01,5.000000000000000000e+02,1.264367816091953589e-01
2.200000000000000000e+01,1.000000000000000000e+03,5.000000000000000000e+02,5.000000000000000000e+01,1.000000000000000056e-01,2.000000000000000111e-01,2.000000000000000000e+01,5.000000000000000000e+02,1.649484536082473918e-01
2.200000000000000000e+01,1.000000000000000000e+03,5.000000000000000000e+02,5.000000000000000000e+01,1.000000000000000056e-01,2.000000000000000111e-01,3.000000000000000000e+01,5.000000000000000000e+02,2.061855670103093230e-01
2.200000000000000000e+01,1.000000000000000000e+03,5.000000000000000000e+02,5.000000000000000000e+01,1.000000000000000056e-01,2.000000000000000111e-01,4.000000000000000000e+01,5.000000000000000000e+02,2.268041237113401776e-01
2.200000000000000000e+01,1.000000000000000000e+03,5.000000000000000000e+02,5.000000000000000000e+01,1.000000000000000056e-01,2.000000000000000111e-01,6.000000000000000000e+01,5.000000000000000000e+02,2.680412371134021088e-01
2.200000000000000000e+01,1.000000000000000000e+03,5.000000000000000000e+02,5.000000000000000000e+01,1.000000000000000056e-01,4.000000000000000222e-01,2.000000000000000000e+01,2.500000000000000000e+02,4.035087719298245945e-01
2.200000000000000000e+01,1.000000000000000000e+03,5.000000000000000000e+02,5.000000000000000000e+01,1.000000000000000056e-01,4.000000000000000222e-01,3.000000000000000000e+01,2.500000000000000000e+02,3.684210526315789824e-01
2.200000000000000000e+01,1.000000000000000000e+03,5.000000000000000000e+02,5.000000000000000000e+01,1.000000000000000056e-01,4.000000000000000222e-01,4.000000000000000000e+01,2.500000000000000000e+02,3.625730994152046582e-01
2.200000000000000000e+01,1.000000000000000000e+03,5.000000000000000000e+02,5.000000000000000000e+01,1.000000000000000056e-01,4.000000000000000222e-01,6.000000000000000000e+01,2.500000000000000000e+02,3.859649122807017330e-01
1.200000000000000000e+01,1.000000000000000000e+03,5.000000000000000000e+02,5.000000000000000000e+01,4.000000000000000222e-01,1.000000000000000056e-01,4.000000000000000000e+01,2.500000000000000000e+02,6.000000000000005329e-02
2.200000000000000000e+01,1.000000000000000000e+03,5.000000000000000000e+02,5.000000000000000000e+01,1.000000000000000056e-01,4.000000000000000222e-01,2.000000000000000000e+01,5.000000000000000000e+02,2.982456140350877583e-01
2.200000000000000000e+01,1.000000000000000000e+03,5.000000000000000000e+02,5.000000000000000000e+01,1.000000000000000056e-01,4.000000000000000222e-01,3.000000000000000000e+01,5.000000000000000000e+02,3.508771929824561209e-01
2.200000000000000000e+01,1.000000000000000000e+03,5.000000000000000000e+02,5.000000000000000000e+01,1.000000000000000056e-01,4.000000000000000222e-01,4.000000000000000000e+01,5.000000000000000000e+02,2.982456140350877583e-01
2.000000000000000000e+00,1.000000000000000000e+03,5.000000000000000000e+02,5.000000000000000000e+01,4.000000000000000222e-01,1.000000000000000056e-01,2.000000000000000000e+01,2.500000000000000000e+02,2.000000000000001776e-02
2.200000000000000000e+01,1.000000000000000000e+03,5.000000000000000000e+02,5.000000000000000000e+01,1.000000000000000056e-01,4.000000000000000222e-01,6.000000000000000000e+01,5.000000000000000000e+02,3.684210526315789824e-01
2.200000000000000000e+01,1.000000000000000000e+03,5.000000000000000000e+02,5.000000000000000000e+01,2.000000000000000111e-01,1.000000000000000056e-01,2.000000000000000000e+01,2.500000000000000000e+02,4.166666666666662966e-02
2.200000000000000000e+01,1.000000000000000000e+03,5.000000000000000000e+02,5.000000000000000000e+01,2.000000000000000111e-01,1.000000000000000056e-01,3.000000000000000000e+01,2.500000000000000000e+02,1.041666666666666297e-01
2.200000000000000000e+01,1.000000000000000000e+03,5.000000000000000000e+02,5.000000000000000000e+01,2.000000000000000111e-01,1.000000000000000056e-01,4.000000000000000000e+01,2.500000000000000000e+02,1.250000000000000000e-01
2.000000000000000000e+00,1.000000000000000000e+03,5.000000000000000000e+02,5.000000000000000000e+01,4.000000000000000222e-01,1.000000000000000056e-01,3.000000000000000000e+01,2.500000000000000000e+02,4.000000000000003553e-02
2.200000000000000000e+01,1.000000000000000000e+03,5.000000000000000000e+02,5.000000000000000000e+01,2.000000000000000111e-01,1.000000000000000056e-01,6.000000000000000000e+01,2.500000000000000000e+02,1.250000000000000000e-01
2.200000000000000000e+01,1.000000000000000000e+03,5.000000000000000000e+02,5.000000000000000000e+01,2.000000000000000111e-01,1.000000000000000056e-01,2.000000000000000000e+01,5.000000000000000000e+02,1.041666666666666297e-01
2.200000000000000000e+01,1.000000000000000000e+03,5.000000000000000000e+02,5.000000000000000000e+01,2.000000000000000111e-01,1.000000000000000056e-01,3.000000000000000000e+01,5.000000000000000000e+02,1.458333333333333703e-01
2.200000000000000000e+01,1.000000000000000000e+03,5.000000000000000000e+02,5.000000000000000000e+01,2.000000000000000111e-01,1.000000000000000056e-01,4.000000000000000000e+01,5.000000000000000000e+02,1.458333333333333703e-01
2.000000000000000000e+00,1.000000000000000000e+03,5.000000000000000000e+02,5.000000000000000000e+01,4.000000000000000222e-01,1.000000000000000056e-01,4.000000000000000000e+01,2.500000000000000000e+02,7.999999999999996003e-02
2.200000000000000000e+01,1.000000000000000000e+03,5.000000000000000000e+02,5.000000000000000000e+01,2.000000000000000111e-01,1.000000000000000056e-01,6.000000000000000000e+01,5.000000000000000000e+02,1.666666666666666297e-01
1.200000000000000000e+01,1.000000000000000000e+03,5.000000000000000000e+02,5.000000000000000000e+01,4.000000000000000222e-01,1.000000000000000056e-01,6.000000000000000000e+01,2.500000000000000000e+02,6.000000000000005329e-02
2.200000000000000000e+01,1.000000000000000000e+03,5.000000000000000000e+02,5.000000000000000000e+01,2.000000000000000111e-01,2.000000000000000111e-01,2.000000000000000000e+01,2.500000000000000000e+02,8.333333333333337034e-02
2.000000000000000000e+00,1.000000000000000000e+03,5.000000000000000000e+02,5.000000000000000000e+01,4.000000000000000222e-01,1.000000000000000056e-01,6.000000000000000000e+01,2.500000000000000000e+02,7.999999999999996003e-02
1.200000000000000000e+01,1.000000000000000000e+03,5.000000000000000000e+02,5.000000000000000000e+01,4.000000000000000222e-01,1.000000000000000056e-01,2.000000000000000000e+01,5.000000000000000000e+02,4.000000000000003553e-02
2.200000000000000000e+01,1.000000000000000000e+03,5.000000000000000000e+02,5.000000000000000000e+01,2.000000000000000111e-01,2.000000000000000111e-01,3.000000000000000000e+01,2.500000000000000000e+02,9.375000000000000000e-02
1.200000000000000000e+01,1.000000000000000000e+03,5.000000000000000000e+02,5.000000000000000000e+01,4.000000000000000222e-01,1.000000000000000056e-01,3.000000000000000000e+01,5.000000000000000000e+02,6.000000000000005329e-02
2.200000000000000000e+01,1.000000000000000000e+03,5.000000000000000000e+02,5.000000000000000000e+01,2.000000000000000111e-01,2.000000000000000111e-01,4.000000000000000000e+01,2.500000000000000000e+02,9.375000000000000000e-02
2.000000000000000000e+00,1.000000000000000000e+03,5.000000000000000000e+02,5.000000000000000000e+01,4.000000000000000222e-01,1.000000000000000056e-01,2.000000000000000000e+01,5.000000000000000000e+02,2.000000000000001776e-02
1.200000000000000000e+01,1.000000000000000000e+03,5.000000000000000000e+02,5.000000000000000000e+01,4.000000000000000222e-01,1.000000000000000056e-01,4.000000000000000000e+01,5.000000000000000000e+02,6.000000000000005329e-02
2.000000000000000000e+00,1.000000000000000000e+03,5.000000000000000000e+02,5.000000000000000000e+01,4.000000000000000222e-01,1.000000000000000056e-01,3.000000000000000000e+01,5.000000000000000000e+02,4.000000000000003553e-02
2.000000000000000000e+00,1.000000000000000000e+03,5.000000000000000000e+02,5.000000000000000000e+01,4.000000000000000222e-01,1.000000000000000056e-01,4.000000000000000000e+01,5.000000000000000000e+02,4.000000000000003553e-02
1.200000000000000000e+01,1.000000000000000000e+03,5.000000000000000000e+02,5.000000000000000000e+01,4.000000000000000222e-01,1.000000000000000056e-01,6.000000000000000000e+01,5.000000000000000000e+02,6.000000000000005329e-02
2.200000000000000000e+01,1.000000000000000000e+03,5.000000000000000000e+02,5.000000000000000000e+01,2.000000000000000111e-01,2.000000000000000111e-01,6.000000000000000000e+01,2.500000000000000000e+02,1.041666666666666297e-01
2.000000000000000000e+00,1.000000000000000000e+03,5.000000000000000000e+02,5.000000000000000000e+01,4.000000000000000222e-01,1.000000000000000056e-01,6.000000000000000000e+01,5.000000000000000000e+02,4.000000000000003553e-02
2.200000000000000000e+01,1.000000000000000000e+03,5.000000000000000000e+02,5.000000000000000000e+01,2.000000000000000111e-01,2.000000000000000111e-01,2.000000000000000000e+01,5.000000000000000000e+02,1.145833333333333703e-01
2.200000000000000000e+01,1.000000000000000000e+03,5.000000000000000000e+02,5.000000000000000000e+01,2.000000000000000111e-01,2.000000000000000111e-01,3.000000000000000000e+01,5.000000000000000000e+02,1.145833333333333703e-01
2.200000000000000000e+01,1.000000000000000000e+03,5.000000000000000000e+02,5.000000000000000000e+01,2.000000000000000111e-01,2.000000000000000111e-01,4.000000000000000000e+01,5.000000000000000000e+02,1.145833333333333703e-01
2.200000000000000000e+01,1.000000000000000000e+03,5.000000000000000000e+02,5.000000000000000000e+01,2.000000000000000111e-01,2.000000000000000111e-01,6.000000000000000000e+01,5.000000000000000000e+02,1.145833333333333703e-01
2.200000000000000000e+01,1.000000000000000000e+03,5.000000000000000000e+02,5.000000000000000000e+01,2.000000000000000111e-01,4.000000000000000222e-01,2.000000000000000000e+01,2.500000000000000000e+02,9.677419354838712184e-02
2.200000000000000000e+01,1.000000000000000000e+03,5.000000000000000000e+02,5.000000000000000000e+01,2.000000000000000111e-01,4.000000000000000222e-01,3.000000000000000000e+01,2.500000000000000000e+02,1.290322580645161255e-01
2.200000000000000000e+01,1.000000000000000000e+03,5.000000000000000000e+02,5.000000000000000000e+01,2.000000000000000111e-01,4.000000000000000222e-01,4.000000000000000000e+01,2.500000000000000000e+02,1.129032258064516236e-01
1.200000000000000000e+01,1.000000000000000000e+03,5.000000000000000000e+02,5.000000000000000000e+01,4.000000000000000222e-01,2.000000000000000111e-01,2.000000000000000000e+01,2.500000000000000000e+02,9.090909090909093937e-02
2.200000000000000000e+01,1.000000000000000000e+03,5.000000000000000000e+02,5.000000000000000000e+01,2.000000000000000111e-01,4.000000000000000222e-01,6.000000000000000000e+01,2.500000000000000000e+02,1.075268817204301230e-01
2.200000000000000000e+01,1.000000000000000000e+03,5.000000000000000000e+02,5.000000000000000000e+01,2.000000000000000111e-01,4.000000000000000222e-01,2.000000000000000000e+01,5.000000000000000000e+02,1.720430107526881303e-01
2.000000000000000000e+00,1.000000000000000000e+03,5.000000000000000000e+02,5.000000000000000000e+01,4.000000000000000222e-01,2.000000000000000111e-01,2.000000000000000000e+01,2.500000000000000000e+02,4.081632653061229021e-02
2.200000000000000000e+01,1.000000000000000000e+03,5.000000000000000000e+02,5.000000000000000000e+01,2.000000000000000111e-01,4.000000000000000222e-01,3.000000000000000000e+01,5.000000000000000000e+02,1.935483870967742437e-01
2.200000000000000000e+01,1.000000000000000000e+03,5.000000000000000000e+02,5.000000000000000000e+01,2.000000000000000111e-01,4.000000000000000222e-01,4.000000000000000000e+01,5.000000000000000000e+02,1.666666666666666297e-01
2.200000000000000000e+01,1.000000000000000000e+03,5.000000000000000000e+02,5.000000000000000000e+01,2.000000000000000111e-01,4.000000000000000222e-01,6.000000000000000000e+01,5.000000000000000000e+02,1.881720430107527431e-01
2.200000000000000000e+01,1.000000000000000000e+03,5.000000000000000000e+02,5.000000000000000000e+01,4.000000000000000222e-01,1.000000000000000056e-01,2.000000000000000000e+01,2.500000000000000000e+02,1.999999999999999556e-01
2.200000000000000000e+01,1.000000000000000000e+03,5.000000000000000000e+02,5.000000000000000000e+01,4.000000000000000222e-01,1.000000000000000056e-01,3.000000000000000000e+01,2.500000000000000000e+02,5.000000000000000000e-01
2.200000000000000000e+01,1.000000000000000000e+03,5.000000000000000000e+02,5.000000000000000000e+01,4.000000000000000222e-01,1.000000000000000056e-01,4.000000000000000000e+01,2.500000000000000000e+02,5.400000000000000355e-01
2.200000000000000000e+01,1.000000000000000000e+03,5.000000000000000000e+02,5.000000000000000000e+01,4.000000000000000222e-01,1.000000000000000056e-01,6.000000000000000000e+01,2.500000000000000000e+02,5.200000000000000178e-01
1.200000000000000000e+01,1.000000000000000000e+03,5.000000000000000000e+02,5.000000000000000000e+01,4.000000000000000222e-01,2.000000000000000111e-01,3.000000000000000000e+01,2.500000000000000000e+02,1.010101010101009944e-01
2.200000000000000000e+01,1.000000000000000000e+03,5.000000000000000000e+02,5.000000000000000000e+01,4.000000000000000222e-01,1.000000000000000056e-01,2.000000000000000000e+01,5.000000000000000000e+02,1.600000000000000311e-01
2.200000000000000000e+01,1.000000000000000000e+03,5.000000000000000000e+02,5.000000000000000000e+01,4.000000000000000222e-01,1.000000000000000056e-01,3.000000000000000000e+01,5.000000000000000000e+02,1.999999999999999556e-01
2.200000000000000000e+01,1.000000000000000000e+03,5.000000000000000000e+02,5.000000000000000000e+01,4.000000000000000222e-01,1.000000000000000056e-01,4.000000000000000000e+01,5.000000000000000000e+02,2.199999999999999734e-01
2.200000000000000000e+01,1.000000000000000000e+03,5.000000000000000000e+02,5.000000000000000000e+01,4.000000000000000222e-01,1.000000000000000056e-01,6.000000000000000000e+01,5.000000000000000000e+02,1.600000000000000311e-01
2.000000000000000000e+00,1.000000000000000000e+03,5.000000000000000000e+02,5.000000000000000000e+01,4.000000000000000222e-01,2.000000000000000111e-01,3.000000000000000000e+01,2.500000000000000000e+02,6.122448979591832430e-02
2.200000000000000000e+01,1.000000000000000000e+03,5.000000000000000000e+02,5.000000000000000000e+01,4.000000000000000222e-01,2.000000000000000111e-01,2.000000000000000000e+01,2.500000000000000000e+02,4.040404040404044217e-02
2.200000000000000000e+01,1.000000000000000000e+03,5.000000000000000000e+02,5.000000000000000000e+01,4.000000000000000222e-01,2.000000000000000111e-01,3.000000000000000000e+01,2.500000000000000000e+02,6.060606060606055223e-02
2.200000000000000000e+01,1.000000000000000000e+03,5.000000000000000000e+02,5.000000000000000000e+01,4.000000000000000222e-01,2.000000000000000111e-01,4.000000000000000000e+01,2.500000000000000000e+02,6.060606060606055223e-02
1.200000000000000000e+01,1.000000000000000000e+03,5.000000000000000000e+02,5.000000000000000000e+01,4.000000000000000222e-01,2.000000000000000111e-01,4.000000000000000000e+01,2.500000000000000000e+02,1.111111111111111605e-01
2.200000000000000000e+01,1.000000000000000000e+03,5.000000000000000000e+02,5.000000000000000000e+01,4.000000000000000222e-01,2.000000000000000111e-01,6.000000000000000000e+01,2.500000000000000000e+02,6.060606060606055223e-02
2.200000000000000000e+01,1.000000000000000000e+03,5.000000000000000000e+02,5.000000000000000000e+01,4.000000000000000222e-01,2.000000000000000111e-01,2.000000000000000000e+01,5.000000000000000000e+02,9.090909090909093937e-02
2.000000000000000000e+00,1.000000000000000000e+03,5.000000000000000000e+02,5.000000000000000000e+01,4.000000000000000222e-01,2.000000000000000111e-01,4.000000000000000000e+01,2.500000000000000000e+02,6.122448979591832430e-02
2.200000000000000000e+01,1.000000000000000000e+03,5.000000000000000000e+02,5.000000000000000000e+01,4.000000000000000222e-01,2.000000000000000111e-01,3.000000000000000000e+01,5.000000000000000000e+02,9.090909090909093937e-02
2.200000000000000000e+01,1.000000000000000000e+03,5.000000000000000000e+02,5.000000000000000000e+01,4.000000000000000222e-01,2.000000000000000111e-01,4.000000000000000000e+01,5.000000000000000000e+02,1.010101010101009944e-01
2.200000000000000000e+01,1.000000000000000000e+03,5.000000000000000000e+02,5.000000000000000000e+01,4.000000000000000222e-01,2.000000000000000111e-01,6.000000000000000000e+01,5.000000000000000000e+02,1.212121212121212155e-01
1.200000000000000000e+01,1.000000000000000000e+03,5.000000000000000000e+02,5.000000000000000000e+01,4.000000000000000222e-01,2.000000000000000111e-01,6.000000000000000000e+01,2.500000000000000000e+02,1.212121212121212155e-01
2.000000000000000000e+00,1.000000000000000000e+03,5.000000000000000000e+02,5.000000000000000000e+01,4.000000000000000222e-01,2.000000000000000111e-01,6.000000000000000000e+01,2.500000000000000000e+02,7.142857142857139685e-02
1.200000000000000000e+01,1.000000000000000000e+03,5.000000000000000000e+02,5.000000000000000000e+01,4.000000000000000222e-01,2.000000000000000111e-01,2.000000000000000000e+01,5.000000000000000000e+02,1.111111111111111605e-01
1.200000000000000000e+01,1.000000000000000000e+03,5.000000000000000000e+02,5.000000000000000000e+01,4.000000000000000222e-01,2.000000000000000111e-01,3.000000000000000000e+01,5.000000000000000000e+02,1.111111111111111605e-01
2.000000000000000000e+00,1.000000000000000000e+03,5.000000000000000000e+02,5.000000000000000000e+01,4.000000000000000222e-01,2.000000000000000111e-01,2.000000000000000000e+01,5.000000000000000000e+02,5.102040816326525174e-02
2.200000000000000000e+01,1.000000000000000000e+03,5.000000000000000000e+02,5.000000000000000000e+01,4.000000000000000222e-01,4.000000000000000222e-01,2.000000000000000000e+01,2.500000000000000000e+02,1.082474226804123196e-01
1.200000000000000000e+01,1.000000000000000000e+03,5.000000000000000000e+02,5.000000000000000000e+01,4.000000000000000222e-01,2.000000000000000111e-01,4.000000000000000000e+01,5.000000000000000000e+02,1.111111111111111605e-01
2.000000000000000000e+00,1.000000000000000000e+03,5.000000000000000000e+02,5.000000000000000000e+01,4.000000000000000222e-01,2.000000000000000111e-01,3.000000000000000000e+01,5.000000000000000000e+02,5.102040816326525174e-02
2.000000000000000000e+00,1.000000000000000000e+03,5.000000000000000000e+02,5.000000000000000000e+01,4.000000000000000222e-01,2.000000000000000111e-01,4.000000000000000000e+01,5.000000000000000000e+02,6.122448979591832430e-02
1.200000000000000000e+01,1.000000000000000000e+03,5.000000000000000000e+02,5.000000000000000000e+01,4.000000000000000222e-01,2.000000000000000111e-01,6.000000000000000000e+01,5.000000000000000000e+02,1.414141414141414366e-01
2.200000000000000000e+01,1.000000000000000000e+03,5.000000000000000000e+02,5.000000000000000000e+01,4.000000000000000222e-01,4.000000000000000222e-01,3.000000000000000000e+01,2.500000000000000000e+02,1.340206185567009989e-01
2.000000000000000000e+00,1.000000000000000000e+03,5.000000000000000000e+02,5.000000000000000000e+01,4.000000000000000222e-01,2.000000000000000111e-01,6.000000000000000000e+01,5.000000000000000000e+02,6.122448979591832430e-02
2.200000000000000000e+01,1.000000000000000000e+03,5.000000000000000000e+02,5.000000000000000000e+01,4.000000000000000222e-01,4.000000000000000222e-01,4.000000000000000000e+01,2.500000000000000000e+02,1.391752577319587125e-01
1.200000000000000000e+01,1.000000000000000000e+03,5.000000000000000000e+02,5.000000000000000000e+01,4.000000000000000222e-01,4.000000000000000222e-01,2.000000000000000000e+01,2.500000000000000000e+02,5.945945945945940725e-02
2.000000000000000000e+00,1.000000000000000000e+03,5.000000000000000000e+02,5.000000000000000000e+01,4.000000000000000222e-01,4.000000000000000222e-01,2.000000000000000000e+01,2.500000000000000000e+02,7.812500000000000000e-02
2.000000000000000000e+00,1.000000000000000000e+03,5.000000000000000000e+02,5.000000000000000000e+01,4.000000000000000222e-01,4.000000000000000222e-01,3.000000000000000000e+01,2.500000000000000000e+02,7.812500000000000000e-02
1.200000000000000000e+01,1.000000000000000000e+03,5.000000000000000000e+02,5.000000000000000000e+01,4.000000000000000222e-01,4.000000000000000222e-01,3.000000000000000000e+01,2.500000000000000000e+02,8.648648648648649129e-02
2.200000000000000000e+01,1.000000000000000000e+03,5.000000000000000000e+02,5.000000000000000000e+01,4.000000000000000222e-01,4.000000000000000222e-01,6.000000000000000000e+01,2.500000000000000000e+02,1.185567010309278579e-01
2.000000000000000000e+00,1.000000000000000000e+03,5.000000000000000000e+02,5.000000000000000000e+01,4.000000000000000222e-01,4.000000000000000222e-01,4.000000000000000000e+01,2.500000000000000000e+02,9.375000000000000000e-02
2.200000000000000000e+01,1.000000000000000000e+03,5.000000000000000000e+02,5.000000000000000000e+01,4.000000000000000222e-01,4.000000000000000222e-01,2.000000000000000000e+01,5.000000000000000000e+02,1.237113402061855716e-01
1.200000000000000000e+01,1.000000000000000000e+03,5.000000000000000000e+02,5.000000000000000000e+01,4.000000000000000222e-01,4.000000000000000222e-01,4.000000000000000000e+01,2.500000000000000000e+02,9.729729729729730270e-02
2.200000000000000000e+01,1.000000000000000000e+03,5.000000000000000000e+02,5.000000000000000000e+01,4.000000000000000222e-01,4.000000000000000222e-01,3.000000000000000000e+01,5.000000000000000000e+02,1.391752577319587125e-01
2.200000000000000000e+01,1.000000000000000000e+03,5.000000000000000000e+02,5.000000000000000000e+01,4.000000000000000222e-01,4.000000000000000222e-01,4.000000000000000000e+01,5.000000000000000000e+02,1.546391752577319645e-01
2.200000000000000000e+01,1.000000000000000000e+03,5.000000000000000000e+02,5.000000000000000000e+01,4.000000000000000222e-01,4.000000000000000222e-01,6.000000000000000000e+01,5.000000000000000000e+02,1.701030927835051054e-01
2.300000000000000000e+01,1.000000000000000000e+03,5.000000000000000000e+02,5.000000000000000000e+01,1.000000000000000056e-01,1.000000000000000056e-01,2.000000000000000000e+01,2.500000000000000000e+02,3.061224489795918435e-01
2.300000000000000000e+01,1.000000000000000000e+03,5.000000000000000000e+02,5.000000000000000000e+01,1.000000000000000056e-01,1.000000000000000056e-01,3.000000000000000000e+01,2.500000000000000000e+02,3.061224489795918435e-01
2.300000000000000000e+01,1.000000000000000000e+03,5.000000000000000000e+02,5.000000000000000000e+01,1.000000000000000056e-01,1.000000000000000056e-01,4.000000000000000000e+01,2.500000000000000000e+02,3.061224489795918435e-01
2.000000000000000000e+00,1.000000000000000000e+03,5.000000000000000000e+02,5.000000000000000000e+01,4.000000000000000222e-01,4.000000000000000222e-01,6.000000000000000000e+01,2.500000000000000000e+02,9.895833333333337034e-02
2.300000000000000000e+01,1.000000000000000000e+03,5.000000000000000000e+02,5.000000000000000000e+01,1.000000000000000056e-01,1.000000000000000056e-01,6.000000000000000000e+01,2.500000000000000000e+02,3.469387755102041337e-01
2.300000000000000000e+01,1.000000000000000000e+03,5.000000000000000000e+02,5.000000000000000000e+01,1.000000000000000056e-01,1.000000000000000056e-01,2.000000000000000000e+01,5.000000000000000000e+02,2.857142857142856984e-01
2.000000000000000000e+00,1.000000000000000000e+03,5.000000000000000000e+02,5.000000000000000000e+01,4.000000000000000222e-01,4.000000000000000222e-01,2.000000000000000000e+01,5.000000000000000000e+02,1.145833333333333703e-01
2.300000000000000000e+01,1.000000000000000000e+03,5.000000000000000000e+02,5.000000000000000000e+01,1.000000000000000056e-01,1.000000000000000056e-01,3.000000000000000000e+01,5.000000000000000000e+02,3.265306122448979886e-01
2.300000000000000000e+01,1.000000000000000000e+03,5.000000000000000000e+02,5.000000000000000000e+01,1.000000000000000056e-01,1.000000000000000056e-01,4.000000000000000000e+01,5.000000000000000000e+02,3.265306122448979886e-01
1.200000000000000000e+01,1.000000000000000000e+03,5.000000000000000000e+02,5.000000000000000000e+01,4.000000000000000222e-01,4.000000000000000222e-01,6.000000000000000000e+01,2.500000000000000000e+02,8.108108108108103007e-02
2.000000000000000000e+00,1.000000000000000000e+03,5.000000000000000000e+02,5.000000000000000000e+01,4.000000000000000222e-01,4.000000000000000222e-01,3.000000000000000000e+01,5.000000000000000000e+02,1.145833333333333703e-01
2.300000000000000000e+01,1.000000000000000000e+03,5.000000000000000000e+02,5.000000000000000000e+01,1.000000000000000056e-01,1.000000000000000056e-01,6.000000000000000000e+01,5.000000000000000000e+02,3.673469387755101678e-01
2.000000000000000000e+00,1.000000000000000000e+03,5.000000000000000000e+02,5.000000000000000000e+01,4.000000000000000222e-01,4.000000000000000222e-01,4.000000000000000000e+01,5.000000000000000000e+02,1.406250000000000000e-01
2.300000000000000000e+01,1.000000000000000000e+03,5.000000000000000000e+02,5.000000000000000000e+01,1.000000000000000056e-01,2.000000000000000111e-01,2.000000000000000000e+01,2.500000000000000000e+02,1.978021978021977656e-01
2.300000000000000000e+01,1.000000000000000000e+03,5.000000000000000000e+02,5.000000000000000000e+01,1.000000000000000056e-01,2.000000000000000111e-01,3.000000000000000000e+01,2.500000000000000000e+02,2.197802197802197766e-01
2.300000000000000000e+01,1.000000000000000000e+03,5.000000000000000000e+02,5.000000000000000000e+01,1.000000000000000056e-01,2.000000000000000111e-01,4.000000000000000000e+01,2.500000000000000000e+02,2.197802197802197766e-01
2.300000000000000000e+01,1.000000000000000000e+03,5.000000000000000000e+02,5.000000000000000000e+01,1.000000000000000056e-01,2.000000000000000111e-01,6.000000000000000000e+01,2.500000000000000000e+02,1.978021978021977656e-01
2.000000000000000000e+00,1.000000000000000000e+03,5.000000000000000000e+02,5.000000000000000000e+01,4.000000000000000222e-01,4.000000000000000222e-01,6.000000000000000000e+01,5.000000000000000000e+02,1.562500000000000000e-01
2.300000000000000000e+01,1.000000000000000000e+03,5.000000000000000000e+02,5.000000000000000000e+01,1.000000000000000056e-01,2.000000000000000111e-01,2.000000000000000000e+01,5.000000000000000000e+02,3.626373626373626813e-01
2.300000000000000000e+01,1.000000000000000000e+03,5.000000000000000000e+02,5.000000000000000000e+01,1.000000000000000056e-01,2.000000000000000111e-01,3.000000000000000000e+01,5.000000000000000000e+02,4.175824175824175422e-01
2.300000000000000000e+01,1.000000000000000000e+03,5.000000000000000000e+02,5.000000000000000000e+01,1.000000000000000056e-01,2.000000000000000111e-01,4.000000000000000000e+01,5.000000000000000000e+02,4.395604395604395531e-01
1.200000000000000000e+01,1.000000000000000000e+03,5.000000000000000000e+02,5.000000000000000000e+01,4.000000000000000222e-01,4.000000000000000222e-01,2.000000000000000000e+01,5.000000000000000000e+02,8.648648648648649129e-02
2.300000000000000000e+01,1.000000000000000000e+03,5.000000000000000000e+02,5.000000000000000000e+01,1.000000000000000056e-01,2.000000000000000111e-01,6.000000000000000000e+01,5.000000000000000000e+02,2.417582417582417875e-01
2.300000000000000000e+01,1.000000000000000000e+03,5.000000000000000000e+02,5.000000000000000000e+01,1.000000000000000056e-01,4.000000000000000222e-01,2.000000000000000000e+01,2.500000000000000000e+02,2.071005917159762788e-01
2.300000000000000000e+01,1.000000000000000000e+03,5.000000000000000000e+02,5.000000000000000000e+01,1.000000000000000056e-01,4.000000000000000222e-01,3.000000000000000000e+01,2.500000000000000000e+02,2.130177514792899185e-01
1.200000000000000000e+01,1.000000000000000000e+03,5.000000000000000000e+02,5.000000000000000000e+01,4.000000000000000222e-01,4.000000000000000222e-01,3.000000000000000000e+01,5.000000000000000000e+02,5.945945945945940725e-02
2.300000000000000000e+01,1.000000000000000000e+03,5.000000000000000000e+02,5.000000000000000000e+01,1.000000000000000056e-01,4.000000000000000222e-01,4.000000000000000000e+01,2.500000000000000000e+02,2.130177514792899185e-01
2.300000000000000000e+01,1.000000000000000000e+03,5.000000000000000000e+02,5.000000000000000000e+01,1.000000000000000056e-01,4.000000000000000222e-01,6.000000000000000000e+01,2.500000000000000000e+02,1.242603550295857673e-01
1.200000000000000000e+01,1.000000000000000000e+03,5.000000000000000000e+02,5.000000000000000000e+01,4.000000000000000222e-01,4.000000000000000222e-01,4.000000000000000000e+01,5.000000000000000000e+02,6.486486486486486847e-02
2.300000000000000000e+01,1.000000000000000000e+03,5.000000000000000000e+02,5.000000000000000000e+01,1.000000000000000056e-01,4.000000000000000222e-01,2.000000000000000000e+01,5.000000000000000000e+02,2.130177514792899185e-01
2.300000000000000000e+01,1.000000000000000000e+03,5.000000000000000000e+02,5.000000000000000000e+01,1.000000000000000056e-01,4.000000000000000222e-01,3.000000000000000000e+01,5.000000000000000000e+02,1.834319526627219421e-01
3.000000000000000000e+00,1.000000000000000000e+03,5.000000000000000000e+02,5.000000000000000000e+01,1.000000000000000056e-01,1.000000000000000056e-01,2.000000000000000000e+01,2.500000000000000000e+02,1.428571428571429047e-01
2.300000000000000000e+01,1.000000000000000000e+03,5.000000000000000000e+02,5.000000000000000000e+01,1.000000000000000056e-01,4.000000000000000222e-01,4.000000000000000000e+01,5.000000000000000000e+02,1.952662721893491105e-01
2.300000000000000000e+01,1.000000000000000000e+03,5.000000000000000000e+02,5.000000000000000000e+01,1.000000000000000056e-01,4.000000000000000222e-01,6.000000000000000000e+01,5.000000000000000000e+02,1.360946745562130467e-01
2.300000000000000000e+01,1.000000000000000000e+03,5.000000000000000000e+02,5.000000000000000000e+01,2.000000000000000111e-01,1.000000000000000056e-01,2.000000000000000000e+01,2.500000000000000000e+02,5.510204081632652517e-01
2.300000000000000000e+01,1.000000000000000000e+03,5.000000000000000000e+02,5.000000000000000000e+01,2.000000000000000111e-01,1.000000000000000056e-01,3.000000000000000000e+01,2.500000000000000000e+02,3.877551020408163129e-01
2.300000000000000000e+01,1.000000000000000000e+03,5.000000000000000000e+02,5.000000000000000000e+01,2.000000000000000111e-01,1.000000000000000056e-01,4.000000000000000000e+01,2.500000000000000000e+02,3.061224489795918435e-01
2.300000000000000000e+01,1.000000000000000000e+03,5.000000000000000000e+02,5.000000000000000000e+01,2.000000000000000111e-01,1.000000000000000056e-01,6.000000000000000000e+01,2.500000000000000000e+02,3.673469387755101678e-01
2.300000000000000000e+01,1.000000000000000000e+03,5.000000000000000000e+02,5.000000000000000000e+01,2.000000000000000111e-01,1.000000000000000056e-01,2.000000000000000000e+01,5.000000000000000000e+02,2.244897959183673741e-01
1.200000000000000000e+01,1.000000000000000000e+03,5.000000000000000000e+02,5.000000000000000000e+01,4.000000000000000222e-01,4.000000000000000222e-01,6.000000000000000000e+01,5.000000000000000000e+02,6.486486486486486847e-02
2.300000000000000000e+01,1.000000000000000000e+03,5.000000000000000000e+02,5.000000000000000000e+01,2.000000000000000111e-01,1.000000000000000056e-01,3.000000000000000000e+01,5.000000000000000000e+02,2.448979591836735192e-01
3.000000000000000000e+00,1.000000000000000000e+03,5.000000000000000000e+02,5.000000000000000000e+01,1.000000000000000056e-01,1.000000000000000056e-01,3.000000000000000000e+01,2.500000000000000000e+02,1.632653061224489388e-01
2.300000000000000000e+01,1.000000000000000000e+03,5.000000000000000000e+02,5.000000000000000000e+01,2.000000000000000111e-01,1.000000000000000056e-01,4.000000000000000000e+01,5.000000000000000000e+02,2.448979591836735192e-01
1.300000000000000000e+01,1.000000000000000000e+03,5.000000000000000000e+02,5.000000000000000000e+01,1.000000000000000056e-01,1.000000000000000056e-01,2.000000000000000000e+01,2.500000000000000000e+02,3.958333333333333703e-01
1.300000000000000000e+01,1.000000000000000000e+03,5.000000000000000000e+02,5.000000000000000000e+01,1.000000000000000056e-01,1.000000000000000056e-01,3.000000000000000000e+01,2.500000000000000000e+02,3.958333333333333703e-01
1.300000000000000000e+01,1.000000000000000000e+03,5.000000000000000000e+02,5.000000000000000000e+01,1.000000000000000056e-01,1.000000000000000056e-01,4.000000000000000000e+01,2.500000000000000000e+02,4.166666666666666297e-01
2.300000000000000000e+01,1.000000000000000000e+03,5.000000000000000000e+02,5.000000000000000000e+01,2.000000000000000111e-01,1.000000000000000056e-01,6.000000000000000000e+01,5.000000000000000000e+02,2.653061224489795533e-01
1.300000000000000000e+01,1.000000000000000000e+03,5.000000000000000000e+02,5.000000000000000000e+01,1.000000000000000056e-01,1.000000000000000056e-01,6.000000000000000000e+01,2.500000000000000000e+02,3.750000000000000000e-01
1.300000000000000000e+01,1.000000000000000000e+03,5.000000000000000000e+02,5.000000000000000000e+01,1.000000000000000056e-01,1.000000000000000056e-01,2.000000000000000000e+01,5.000000000000000000e+02,2.500000000000000000e-01
1.300000000000000000e+01,1.000000000000000000e+03,5.000000000000000000e+02,5.000000000000000000e+01,1.000000000000000056e-01,1.000000000000000056e-01,3.000000000000000000e+01,5.000000000000000000e+02,2.916666666666666297e-01
2.300000000000000000e+01,1.000000000000000000e+03,5.000000000000000000e+02,5.000000000000000000e+01,2.000000000000000111e-01,2.000000000000000111e-01,2.000000000000000000e+01,2.500000000000000000e+02,1.224489795918367596e-01
1.300000000000000000e+01,1.000000000000000000e+03,5.000000000000000000e+02,5.000000000000000000e+01,1.000000000000000056e-01,1.000000000000000056e-01,4.000000000000000000e+01,5.000000000000000000e+02,3.541666666666666297e-01
2.300000000000000000e+01,1.000000000000000000e+03,5.000000000000000000e+02,5.000000000000000000e+01,2.000000000000000111e-01,2.000000000000000111e-01,3.000000000000000000e+01,2.500000000000000000e+02,1.326530612244898322e-01
1.300000000000000000e+01,1.000000000000000000e+03,5.000000000000000000e+02,5.000000000000000000e+01,1.000000000000000056e-01,1.000000000000000056e-01,6.000000000000000000e+01,5.000000000000000000e+02,2.916666666666666297e-01
2.300000000000000000e+01,1.000000000000000000e+03,5.000000000000000000e+02,5.000000000000000000e+01,2.000000000000000111e-01,2.000000000000000111e-01,4.000000000000000000e+01,2.500000000000000000e+02,1.326530612244898322e-01
3.000000000000000000e+00,1.000000000000000000e+03,5.000000000000000000e+02,5.000000000000000000e+01,1.000000000000000056e-01,1.000000000000000056e-01,4.000000000000000000e+01,2.500000000000000000e+02,1.836734693877550839e-01
1.300000000000000000e+01,1.000000000000000000e+03,5.000000000000000000e+02,5.000000000000000000e+01,1.000000000000000056e-01,2.000000000000000111e-01,2.000000000000000000e+01,2.500000000000000000e+02,1.086956521739130821e-01
2.300000000000000000e+01,1.000000000000000000e+03,5.000000000000000000e+02,5.000000000000000000e+01,2.000000000000000111e-01,2.000000000000000111e-01,6.000000000000000000e+01,2.500000000000000000e+02,1.428571428571429047e-01
1.300000000000000000e+01,1.000000000000000000e+03,5.000000000000000000e+02,5.000000000000000000e+01,1.000000000000000056e-01,2.000000000000000111e-01,3.000000000000000000e+01,2.500000000000000000e+02,1.086956521739130821e-01
2.300000000000000000e+01,1.000000000000000000e+03,5.000000000000000000e+02,5.000000000000000000e+01,2.000000000000000111e-01,2.000000000000000111e-01,2.000000000000000000e+01,5.000000000000000000e+02,1.020408163265306145e-01
1.300000000000000000e+01,1.000000000000000000e+03,5.000000000000000000e+02,5.000000000000000000e+01,1.000000000000000056e-01,2.000000000000000111e-01,4.000000000000000000e+01,2.500000000000000000e+02,1.304347826086956763e-01
2.300000000000000000e+01,1.000000000000000000e+03,5.000000000000000000e+02,5.000000000000000000e+01,2.000000000000000111e-01,2.000000000000000111e-01,3.000000000000000000e+01,5.000000000000000000e+02,1.020408163265306145e-01
2.300000000000000000e+01,1.000000000000000000e+03,5.000000000000000000e+02,5.000000000000000000e+01,2.000000000000000111e-01,2.000000000000000111e-01,4.000000000000000000e+01,5.000000000000000000e+02,1.122448979591836871e-01
1.300000000000000000e+01,1.000000000000000000e+03,5.000000000000000000e+02,5.000000000000000000e+01,1.000000000000000056e-01,2.000000000000000111e-01,6.000000000000000000e+01,2.500000000000000000e+02,1.413043478260869179e-01
2.300000000000000000e+01,1.000000000000000000e+03,5.000000000000000000e+02,5.000000000000000000e+01,2.000000000000000111e-01,2.000000000000000111e-01,6.000000000000000000e+01,5.000000000000000000e+02,1.122448979591836871e-01
1.300000000000000000e+01,1.000000000000000000e+03,5.000000000000000000e+02,5.000000000000000000e+01,1.000000000000000056e-01,2.000000000000000111e-01,2.000000000000000000e+01,5.000000000000000000e+02,6.521739130434778264e-02
1.300000000000000000e+01,1.000000000000000000e+03,5.000000000000000000e+02,5.000000000000000000e+01,1.000000000000000056e-01,2.000000000000000111e-01,3.000000000000000000e+01,5.000000000000000000e+02,9.782608695652172948e-02
1.300000000000000000e+01,1.000000000000000000e+03,5.000000000000000000e+02,5.000000000000000000e+01,1.000000000000000056e-01,2.000000000000000111e-01,4.000000000000000000e+01,5.000000000000000000e+02,4.347826086956518843e-02
3.000000000000000000e+00,1.000000000000000000e+03,5.000000000000000000e+02,5.000000000000000000e+01,1.000000000000000056e-01,1.000000000000000056e-01,6.000000000000000000e+01,2.500000000000000000e+02,2.244897959183673741e-01
1.300000000000000000e+01,1.000000000000000000e+03,5.000000000000000000e+02,5.000000000000000000e+01,1.000000000000000056e-01,2.000000000000000111e-01,6.000000000000000000e+01,5.000000000000000000e+02,1.195652173913043237e-01
3.000000000000000000e+00,1.000000000000000000e+03,5.000000000000000000e+02,5.000000000000000000e+01,1.000000000000000056e-01,1.000000000000000056e-01,2.000000000000000000e+01,5.000000000000000000e+02,2.040816326530612290e-01
1.300000000000000000e+01,1.000000000000000000e+03,5.000000000000000000e+02,5.000000000000000000e+01,1.000000000000000056e-01,4.000000000000000222e-01,2.000000000000000000e+01,2.500000000000000000e+02,1.785714285714286031e-01
3.000000000000000000e+00,1.000000000000000000e+03,5.000000000000000000e+02,5.000000000000000000e+01,1.000000000000000056e-01,1.000000000000000056e-01,3.000000000000000000e+01,5.000000000000000000e+02,2.040816326530612290e-01
1.300000000000000000e+01,1.000000000000000000e+03,5.000000000000000000e+02,5.000000000000000000e+01,1.000000000000000056e-01,4.000000000000000222e-01,3.000000000000000000e+01,2.500000000000000000e+02,1.845238095238095344e-01
3.000000000000000000e+00,1.000000000000000000e+03,5.000000000000000000e+02,5.000000000000000000e+01,1.000000000000000056e-01,1.000000000000000056e-01,4.000000000000000000e+01,5.000000000000000000e+02,2.244897959183673741e-01
1.300000000000000000e+01,1.000000000000000000e+03,5.000000000000000000e+02,5.000000000000000000e+01,1.000000000000000056e-01,4.000000000000000222e-01,4.000000000000000000e+01,2.500000000000000000e+02,8.928571428571430157e-02
3.000000000000000000e+00,1.000000000000000000e+03,5.000000000000000000e+02,5.000000000000000000e+01,1.000000000000000056e-01,1.000000000000000056e-01,6.000000000000000000e+01,5.000000000000000000e+02,2.448979591836735192e-01
3.000000000000000000e+00,1.000000000000000000e+03,5.000000000000000000e+02,5.000000000000000000e+01,1.000000000000000056e-01,2.000000000000000111e-01,2.000000000000000000e+01,2.500000000000000000e+02,4.086021505376343788e-01
3.000000000000000000e+00,1.000000000000000000e+03,5.000000000000000000e+02,5.000000000000000000e+01,1.000000000000000056e-01,2.000000000000000111e-01,3.000000000000000000e+01,2.500000000000000000e+02,4.193548387096773800e-01
3.000000000000000000e+00,1.000000000000000000e+03,5.000000000000000000e+02,5.000000000000000000e+01,1.000000000000000056e-01,2.000000000000000111e-01,4.000000000000000000e+01,2.500000000000000000e+02,4.193548387096773800e-01
3.000000000000000000e+00,1.000000000000000000e+03,5.000000000000000000e+02,5.000000000000000000e+01,1.000000000000000056e-01,2.000000000000000111e-01,6.000000000000000000e+01,2.500000000000000000e+02,4.086021505376343788e-01
1.300000000000000000e+01,1.000000000000000000e+03,5.000000000000000000e+02,5.000000000000000000e+01,1.000000000000000056e-01,4.000000000000000222e-01,6.000000000000000000e+01,2.500000000000000000e+02,2.023809523809523281e-01
3.000000000000000000e+00,1.000000000000000000e+03,5.000000000000000000e+02,5.000000000000000000e+01,1.000000000000000056e-01,2.000000000000000111e-01,2.000000000000000000e+01,5.000000000000000000e+02,2.795698924731182533e-01
3.000000000000000000e+00,1.000000000000000000e+03,5.000000000000000000e+02,5.000000000000000000e+01,1.000000000000000056e-01,2.000000000000000111e-01,3.000000000000000000e+01,5.000000000000000000e+02,4.193548387096773800e-01
3.000000000000000000e+00,1.000000000000000000e+03,5.000000000000000000e+02,5.000000000000000000e+01,1.000000000000000056e-01,2.000000000000000111e-01,4.000000000000000000e+01,5.000000000000000000e+02,4.516129032258064946e-01
1.300000000000000000e+01,1.000000000000000000e+03,5.000000000000000000e+02,5.000000000000000000e+01,1.000000000000000056e-01,4.000000000000000222e-01,2.000000000000000000e+01,5.000000000000000000e+02,1.666666666666666297e-01
3.000000000000000000e+00,1.000000000000000000e+03,5.000000000000000000e+02,5.000000000000000000e+01,1.000000000000000056e-01,2.000000000000000111e-01,6.000000000000000000e+01,5.000000000000000000e+02,4.838709677419354982e-01
1.300000000000000000e+01,1.000000000000000000e+03,5.000000000000000000e+02,5.000000000000000000e+01,1.000000000000000056e-01,4.000000000000000222e-01,3.000000000000000000e+01,5.000000000000000000e+02,1.785714285714286031e-01
1.300000000000000000e+01,1.000000000000000000e+03,5.000000000000000000e+02,5.000000000000000000e+01,1.000000000000000056e-01,4.000000000000000222e-01,4.000000000000000000e+01,5.000000000000000000e+02,1.904761904761904656e-01
1.300000000000000000e+01,1.000000000000000000e+03,5.000000000000000000e+02,5.000000000000000000e+01,1.000000000000000056e-01,4.000000000000000222e-01,6.000000000000000000e+01,5.000000000000000000e+02,1.964285714285713969e-01
3.000000000000000000e+00,1.000000000000000000e+03,5.000000000000000000e+02,5.000000000000000000e+01,1.000000000000000056e-01,4.000000000000000222e-01,2.000000000000000000e+01,2.500000000000000000e+02,1.942857142857142838e-01
2.300000000000000000e+01,1.000000000000000000e+03,5.000000000000000000e+02,5.000000000000000000e+01,2.000000000000000111e-01,4.000000000000000222e-01,2.000000000000000000e+01,2.500000000000000000e+02,7.027027027027021866e-02
1.300000000000000000e+01,1.000000000000000000e+03,5.000000000000000000e+02,5.000000000000000000e+01,2.000000000000000111e-01,1.000000000000000056e-01,2.000000000000000000e+01,2.500000000000000000e+02,1.632653061224489388e-01
1.300000000000000000e+01,1.000000000000000000e+03,5.000000000000000000e+02,5.000000000000000000e+01,2.000000000000000111e-01,1.000000000000000056e-01,3.000000000000000000e+01,2.500000000000000000e+02,1.632653061224489388e-01
1.300000000000000000e+01,1.000000000000000000e+03,5.000000000000000000e+02,5.000000000000000000e+01,2.000000000000000111e-01,1.000000000000000056e-01,4.000000000000000000e+01,2.500000000000000000e+02,1.836734693877550839e-01
3.000000000000000000e+00,1.000000000000000000e+03,5.000000000000000000e+02,5.000000000000000000e+01,1.000000000000000056e-01,4.000000000000000222e-01,3.000000000000000000e+01,2.500000000000000000e+02,1.600000000000000311e-01
1.300000000000000000e+01,1.000000000000000000e+03,5.000000000000000000e+02,5.000000000000000000e+01,2.000000000000000111e-01,1.000000000000000056e-01,6.000000000000000000e+01,2.500000000000000000e+02,2.040816326530612290e-01
1.300000000000000000e+01,1.000000000000000000e+03,5.000000000000000000e+02,5.000000000000000000e+01,2.000000000000000111e-01,1.000000000000000056e-01,2.000000000000000000e+01,5.000000000000000000e+02,1.632653061224489388e-01
3.000000000000000000e+00,1.000000000000000000e+03,5.000000000000000000e+02,5.000000000000000000e+01,1.000000000000000056e-01,4.000000000000000222e-01,4.000000000000000000e+01,2.500000000000000000e+02,1.485714285714285765e-01
1.300000000000000000e+01,1.000000000000000000e+03,5.000000000000000000e+02,5.000000000000000000e+01,2.000000000000000111e-01,1.000000000000000056e-01,3.000000000000000000e+01,5.000000000000000000e+02,1.836734693877550839e-01
1.300000000000000000e+01,1.000000000000000000e+03,5.000000000000000000e+02,5.000000000000000000e+01,2.000000000000000111e-01,1.000000000000000056e-01,4.000000000000000000e+01,5.000000000000000000e+02,1.836734693877550839e-01
1.300000000000000000e+01,1.000000000000000000e+03,5.000000000000000000e+02,5.000000000000000000e+01,2.000000000000000111e-01,1.000000000000000056e-01,6.000000000000000000e+01,5.000000000000000000e+02,1.836734693877550839e-01
3.000000000000000000e+00,1.000000000000000000e+03,5.000000000000000000e+02,5.000000000000000000e+01,1.000000000000000056e-01,4.000000000000000222e-01,6.000000000000000000e+01,2.500000000000000000e+02,2.114285714285714102e-01
1.300000000000000000e+01,1.000000000000000000e+03,5.000000000000000000e+02,5.000000000000000000e+01,2.000000000000000111e-01,2.000000000000000111e-01,2.000000000000000000e+01,2.500000000000000000e+02,1.020408163265306145e-01
1.300000000000000000e+01,1.000000000000000000e+03,5.000000000000000000e+02,5.000000000000000000e+01,2.000000000000000111e-01,2.000000000000000111e-01,3.000000000000000000e+01,2.500000000000000000e+02,1.224489795918367596e-01
3.000000000000000000e+00,1.000000000000000000e+03,5.000000000000000000e+02,5.000000000000000000e+01,1.000000000000000056e-01,4.000000000000000222e-01,2.000000000000000000e+01,5.000000000000000000e+02,1.142857142857143238e-01
3.000000000000000000e+00,1.000000000000000000e+03,5.000000000000000000e+02,5.000000000000000000e+01,1.000000000000000056e-01,4.000000000000000222e-01,3.000000000000000000e+01,5.000000000000000000e+02,2.399999999999999911e-01
1.300000000000000000e+01,1.000000000000000000e+03,5.000000000000000000e+02,5.000000000000000000e+01,2.000000000000000111e-01,2.000000000000000111e-01,4.000000000000000000e+01,2.500000000000000000e+02,1.224489795918367596e-01
3.000000000000000000e+00,1.000000000000000000e+03,5.000000000000000000e+02,5.000000000000000000e+01,1.000000000000000056e-01,4.000000000000000222e-01,4.000000000000000000e+01,5.000000000000000000e+02,1.999999999999999556e-01
2.300000000000000000e+01,1.000000000000000000e+03,5.000000000000000000e+02,5.000000000000000000e+01,2.000000000000000111e-01,4.000000000000000222e-01,3.000000000000000000e+01,2.500000000000000000e+02,5.405405405405405705e-02
1.300000000000000000e+01,1.000000000000000000e+03,5.000000000000000000e+02,5.000000000000000000e+01,2.000000000000000111e-01,2.000000000000000111e-01,6.000000000000000000e+01,2.500000000000000000e+02,1.224489795918367596e-01
3.000000000000000000e+00,1.000000000000000000e+03,5.000000000000000000e+02,5.000000000000000000e+01,1.000000000000000056e-01,4.000000000000000222e-01,6.000000000000000000e+01,5.000000000000000000e+02,2.057142857142857384e-01
1.300000000000000000e+01,1.000000000000000000e+03,5.000000000000000000e+02,5.000000000000000000e+01,2.000000000000000111e-01,2.000000000000000111e-01,2.000000000000000000e+01,5.000000000000000000e+02,1.020408163265306145e-01
1.300000000000000000e+01,1.000000000000000000e+03,5.000000000000000000e+02,5.000000000000000000e+01,2.000000000000000111e-01,2.000000000000000111e-01,3.000000000000000000e+01,5.000000000000000000e+02,1.122448979591836871e-01
1.300000000000000000e+01,1.000000000000000000e+03,5.000000000000000000e+02,5.000000000000000000e+01,2.000000000000000111e-01,2.000000000000000111e-01,4.000000000000000000e+01,5.000000000000000000e+02,7.142857142857139685e-02
1.300000000000000000e+01,1.000000000000000000e+03,5.000000000000000000e+02,5.000000000000000000e+01,2.000000000000000111e-01,2.000000000000000111e-01,6.000000000000000000e+01,5.000000000000000000e+02,1.122448979591836871e-01
3.000000000000000000e+00,1.000000000000000000e+03,5.000000000000000000e+02,5.000000000000000000e+01,2.000000000000000111e-01,1.000000000000000056e-01,2.000000000000000000e+01,2.500000000000000000e+02,4.081632653061229021e-02
2.300000000000000000e+01,1.000000000000000000e+03,5.000000000000000000e+02,5.000000000000000000e+01,2.000000000000000111e-01,4.000000000000000222e-01,4.000000000000000000e+01,2.500000000000000000e+02,8.108108108108103007e-02
3.000000000000000000e+00,1.000000000000000000e+03,5.000000000000000000e+02,5.000000000000000000e+01,2.000000000000000111e-01,1.000000000000000056e-01,3.000000000000000000e+01,2.500000000000000000e+02,4.081632653061229021e-02
3.000000000000000000e+00,1.000000000000000000e+03,5.000000000000000000e+02,5.000000000000000000e+01,2.000000000000000111e-01,1.000000000000000056e-01,4.000000000000000000e+01,2.500000000000000000e+02,6.122448979591832430e-02
1.300000000000000000e+01,1.000000000000000000e+03,5.000000000000000000e+02,5.000000000000000000e+01,2.000000000000000111e-01,4.000000000000000222e-01,2.000000000000000000e+01,2.500000000000000000e+02,7.865168539325839703e-02
3.000000000000000000e+00,1.000000000000000000e+03,5.000000000000000000e+02,5.000000000000000000e+01,2.000000000000000111e-01,1.000000000000000056e-01,6.000000000000000000e+01,2.500000000000000000e+02,6.122448979591832430e-02
3.000000000000000000e+00,1.000000000000000000e+03,5.000000000000000000e+02,5.000000000000000000e+01,2.000000000000000111e-01,1.000000000000000056e-01,2.000000000000000000e+01,5.000000000000000000e+02,2.040816326530614511e-02
3.000000000000000000e+00,1.000000000000000000e+03,5.000000000000000000e+02,5.000000000000000000e+01,2.000000000000000111e-01,1.000000000000000056e-01,3.000000000000000000e+01,5.000000000000000000e+02,2.040816326530614511e-02
3.000000000000000000e+00,1.000000000000000000e+03,5.000000000000000000e+02,5.000000000000000000e+01,2.000000000000000111e-01,1.000000000000000056e-01,4.000000000000000000e+01,5.000000000000000000e+02,2.040816326530614511e-02
2.300000000000000000e+01,1.000000000000000000e+03,5.000000000000000000e+02,5.000000000000000000e+01,2.000000000000000111e-01,4.000000000000000222e-01,6.000000000000000000e+01,2.500000000000000000e+02,8.108108108108103007e-02
1.300000000000000000e+01,1.000000000000000000e+03,5.000000000000000000e+02,5.000000000000000000e+01,2.000000000000000111e-01,4.000000000000000222e-01,3.000000000000000000e+01,2.500000000000000000e+02,8.426966292134829839e-02
3.000000000000000000e+00,1.000000000000000000e+03,5.000000000000000000e+02,5.000000000000000000e+01,2.000000000000000111e-01,1.000000000000000056e-01,6.000000000000000000e+01,5.000000000000000000e+02,2.040816326530614511e-02
3.000000000000000000e+00,1.000000000000000000e+03,5.000000000000000000e+02,5.000000000000000000e+01,2.000000000000000111e-01,2.000000000000000111e-01,2.000000000000000000e+01,2.500000000000000000e+02,1.263157894736841591e-01
3.000000000000000000e+00,1.000000000000000000e+03,5.000000000000000000e+02,5.000000000000000000e+01,2.000000000000000111e-01,2.000000000000000111e-01,3.000000000000000000e+01,2.500000000000000000e+02,1.263157894736841591e-01
3.000000000000000000e+00,1.000000000000000000e+03,5.000000000000000000e+02,5.000000000000000000e+01,2.000000000000000111e-01,2.000000000000000111e-01,4.000000000000000000e+01,2.500000000000000000e+02,1.368421052631578760e-01
2.300000000000000000e+01,1.000000000000000000e+03,5.000000000000000000e+02,5.000000000000000000e+01,2.000000000000000111e-01,4.000000000000000222e-01,2.000000000000000000e+01,5.000000000000000000e+02,3.783783783783778443e-02
3.000000000000000000e+00,1.000000000000000000e+03,5.000000000000000000e+02,5.000000000000000000e+01,2.000000000000000111e-01,2.000000000000000111e-01,6.000000000000000000e+01,2.500000000000000000e+02,1.368421052631578760e-01
3.000000000000000000e+00,1.000000000000000000e+03,5.000000000000000000e+02,5.000000000000000000e+01,2.000000000000000111e-01,2.000000000000000111e-01,2.000000000000000000e+01,5.000000000000000000e+02,1.263157894736841591e-01
2.300000000000000000e+01,1.000000000000000000e+03,5.000000000000000000e+02,5.000000000000000000e+01,2.000000000000000111e-01,4.000000000000000222e-01,3.000000000000000000e+01,5.000000000000000000e+02,2.702702702702697302e-02
3.000000000000000000e+00,1.000000000000000000e+03,5.000000000000000000e+02,5.000000000000000000e+01,2.000000000000000111e-01,2.000000000000000111e-01,3.000000000000000000e+01,5.000000000000000000e+02,1.263157894736841591e-01
1.300000000000000000e+01,1.000000000000000000e+03,5.000000000000000000e+02,5.000000000000000000e+01,2.000000000000000111e-01,4.000000000000000222e-01,4.000000000000000000e+01,2.500000000000000000e+02,1.348314606741572996e-01
3.000000000000000000e+00,1.000000000000000000e+03,5.000000000000000000e+02,5.000000000000000000e+01,2.000000000000000111e-01,2.000000000000000111e-01,4.000000000000000000e+01,5.000000000000000000e+02,1.368421052631578760e-01
2.300000000000000000e+01,1.000000000000000000e+03,5.000000000000000000e+02,5.000000000000000000e+01,2.000000000000000111e-01,4.000000000000000222e-01,4.000000000000000000e+01,5.000000000000000000e+02,3.243243243243243423e-02
3.000000000000000000e+00,1.000000000000000000e+03,5.000000000000000000e+02,5.000000000000000000e+01,2.000000000000000111e-01,2.000000000000000111e-01,6.000000000000000000e+01,5.000000000000000000e+02,1.368421052631578760e-01
2.300000000000000000e+01,1.000000000000000000e+03,5.000000000000000000e+02,5.000000000000000000e+01,2.000000000000000111e-01,4.000000000000000222e-01,6.000000000000000000e+01,5.000000000000000000e+02,7.567567567567567988e-02
3.000000000000000000e+00,1.000000000000000000e+03,5.000000000000000000e+02,5.000000000000000000e+01,2.000000000000000111e-01,4.000000000000000222e-01,2.000000000000000000e+01,2.500000000000000000e+02,5.820105820105825334e-02
2.300000000000000000e+01,1.000000000000000000e+03,5.000000000000000000e+02,5.000000000000000000e+01,4.000000000000000222e-01,1.000000000000000056e-01,2.000000000000000000e+01,2.500000000000000000e+02,1.224489795918367596e-01
2.300000000000000000e+01,1.000000000000000000e+03,5.000000000000000000e+02,5.000000000000000000e+01,4.000000000000000222e-01,1.000000000000000056e-01,3.000000000000000000e+01,2.500000000000000000e+02,1.224489795918367596e-01
2.300000000000000000e+01,1.000000000000000000e+03,5.000000000000000000e+02,5.000000000000000000e+01,4.000000000000000222e-01,1.000000000000000056e-01,4.000000000000000000e+01,2.500000000000000000e+02,1.224489795918367596e-01
3.000000000000000000e+00,1.000000000000000000e+03,5.000000000000000000e+02,5.000000000000000000e+01,2.000000000000000111e-01,4.000000000000000222e-01,3.000000000000000000e+01,2.500000000000000000e+02,4.761904761904767192e-02
2.300000000000000000e+01,1.000000000000000000e+03,5.000000000000000000e+02,5.000000000000000000e+01,4.000000000000000222e-01,1.000000000000000056e-01,6.000000000000000000e+01,2.500000000000000000e+02,1.428571428571429047e-01
2.300000000000000000e+01,1.000000000000000000e+03,5.000000000000000000e+02,5.000000000000000000e+01,4.000000000000000222e-01,1.000000000000000056e-01,2.000000000000000000e+01,5.000000000000000000e+02,1.020408163265306145e-01
2.300000000000000000e+01,1.000000000000000000e+03,5.000000000000000000e+02,5.000000000000000000e+01,4.000000000000000222e-01,1.000000000000000056e-01,3.000000000000000000e+01,5.000000000000000000e+02,1.020408163265306145e-01
2.300000000000000000e+01,1.000000000000000000e+03,5.000000000000000000e+02,5.000000000000000000e+01,4.000000000000000222e-01,1.000000000000000056e-01,4.000000000000000000e+01,5.000000000000000000e+02,1.020408163265306145e-01
3.000000000000000000e+00,1.000000000000000000e+03,5.000000000000000000e+02,5.000000000000000000e+01,2.000000000000000111e-01,4.000000000000000222e-01,4.000000000000000000e+01,2.500000000000000000e+02,5.291005291005290712e-02
2.300000000000000000e+01,1.000000000000000000e+03,5.000000000000000000e+02,5.000000000000000000e+01,4.000000000000000222e-01,1.000000000000000056e-01,6.000000000000000000e+01,5.000000000000000000e+02,1.020408163265306145e-01
1.300000000000000000e+01,1.000000000000000000e+03,5.000000000000000000e+02,5.000000000000000000e+01,2.000000000000000111e-01,4.000000000000000222e-01,6.000000000000000000e+01,2.500000000000000000e+02,1.404494382022472010e-01
2.300000000000000000e+01,1.000000000000000000e+03,5.000000000000000000e+02,5.000000000000000000e+01,4.000000000000000222e-01,2.000000000000000111e-01,2.000000000000000000e+01,2.500000000000000000e+02,1.030927835051546060e-01
2.300000000000000000e+01,1.000000000000000000e+03,5.000000000000000000e+02,5.000000000000000000e+01,4.000000000000000222e-01,2.000000000000000111e-01,3.000000000000000000e+01,2.500000000000000000e+02,1.134020618556701443e-01
1.300000000000000000e+01,1.000000000000000000e+03,5.000000000000000000e+02,5.000000000000000000e+01,2.000000000000000111e-01,4.000000000000000222e-01,2.000000000000000000e+01,5.000000000000000000e+02,8.988764044943819975e-02
3.000000000000000000e+00,1.000000000000000000e+03,5.000000000000000000e+02,5.000000000000000000e+01,2.000000000000000111e-01,4.000000000000000222e-01,6.000000000000000000e+01,2.500000000000000000e+02,5.291005291005290712e-02
2.300000000000000000e+01,1.000000000000000000e+03,5.000000000000000000e+02,5.000000000000000000e+01,4.000000000000000222e-01,2.000000000000000111e-01,4.000000000000000000e+01,2.500000000000000000e+02,1.030927835051546060e-01
3.000000000000000000e+00,1.000000000000000000e+03,5.000000000000000000e+02,5.000000000000000000e+01,2.000000000000000111e-01,4.000000000000000222e-01,2.000000000000000000e+01,5.000000000000000000e+02,5.291005291005290712e-02
1.300000000000000000e+01,1.000000000000000000e+03,5.000000000000000000e+02,5.000000000000000000e+01,2.000000000000000111e-01,4.000000000000000222e-01,3.000000000000000000e+01,5.000000000000000000e+02,6.179775280898880396e-02
2.300000000000000000e+01,1.000000000000000000e+03,5.000000000000000000e+02,5.000000000000000000e+01,4.000000000000000222e-01,2.000000000000000111e-01,6.000000000000000000e+01,2.500000000000000000e+02,1.030927835051546060e-01
3.000000000000000000e+00,1.000000000000000000e+03,5.000000000000000000e+02,5.000000000000000000e+01,2.000000000000000111e-01,4.000000000000000222e-01,3.000000000000000000e+01,5.000000000000000000e+02,5.291005291005290712e-02
3.000000000000000000e+00,1.000000000000000000e+03,5.000000000000000000e+02,5.000000000000000000e+01,2.000000000000000111e-01,4.000000000000000222e-01,4.000000000000000000e+01,5.000000000000000000e+02,5.820105820105825334e-02
1.300000000000000000e+01,1.000000000000000000e+03,5.000000000000000000e+02,5.000000000000000000e+01,2.000000000000000111e-01,4.000000000000000222e-01,4.000000000000000000e+01,5.000000000000000000e+02,7.303370786516849567e-02
2.300000000000000000e+01,1.000000000000000000e+03,5.000000000000000000e+02,5.000000000000000000e+01,4.000000000000000222e-01,2.000000000000000111e-01,2.000000000000000000e+01,5.000000000000000000e+02,1.237113402061855716e-01
2.300000000000000000e+01,1.000000000000000000e+03,5.000000000000000000e+02,5.000000000000000000e+01,4.000000000000000222e-01,2.000000000000000111e-01,3.000000000000000000e+01,5.000000000000000000e+02,1.237113402061855716e-01
3.000000000000000000e+00,1.000000000000000000e+03,5.000000000000000000e+02,5.000000000000000000e+01,2.000000000000000111e-01,4.000000000000000222e-01,6.000000000000000000e+01,5.000000000000000000e+02,8.994708994708999761e-02
2.300000000000000000e+01,1.000000000000000000e+03,5.000000000000000000e+02,5.000000000000000000e+01,4.000000000000000222e-01,2.000000000000000111e-01,4.000000000000000000e+01,5.000000000000000000e+02,1.237113402061855716e-01
2.300000000000000000e+01,1.000000000000000000e+03,5.000000000000000000e+02,5.000000000000000000e+01,4.000000000000000222e-01,2.000000000000000111e-01,6.000000000000000000e+01,5.000000000000000000e+02,1.443298969072165372e-01
1.300000000000000000e+01,1.000000000000000000e+03,5.000000000000000000e+02,5.000000000000000000e+01,2.000000000000000111e-01,4.000000000000000222e-01,6.000000000000000000e+01,5.000000000000000000e+02,5.617977528089890260e-02
1.300000000000000000e+01,1.000000000000000000e+03,5.000000000000000000e+02,5.000000000000000000e+01,4.000000000000000222e-01,1.000000000000000056e-01,2.000000000000000000e+01,2.500000000000000000e+02,0.000000000000000000e+00
1.300000000000000000e+01,1.000000000000000000e+03,5.000000000000000000e+02,5.000000000000000000e+01,4.000000000000000222e-01,1.000000000000000056e-01,3.000000000000000000e+01,2.500000000000000000e+02,4.081632653061229021e-02
1.300000000000000000e+01,1.000000000000000000e+03,5.000000000000000000e+02,5.000000000000000000e+01,4.000000000000000222e-01,1.000000000000000056e-01,4.000000000000000000e+01,2.500000000000000000e+02,6.122448979591832430e-02
1.300000000000000000e+01,1.000000000000000000e+03,5.000000000000000000e+02,5.000000000000000000e+01,4.000000000000000222e-01,1.000000000000000056e-01,6.000000000000000000e+01,2.500000000000000000e+02,6.122448979591832430e-02
3.000000000000000000e+00,1.000000000000000000e+03,5.000000000000000000e+02,5.000000000000000000e+01,4.000000000000000222e-01,1.000000000000000056e-01,2.000000000000000000e+01,2.500000000000000000e+02,7.999999999999996003e-02
1.300000000000000000e+01,1.000000000000000000e+03,5.000000000000000000e+02,5.000000000000000000e+01,4.000000000000000222e-01,1.000000000000000056e-01,2.000000000000000000e+01,5.000000000000000000e+02,4.081632653061229021e-02
1.300000000000000000e+01,1.000000000000000000e+03,5.000000000000000000e+02,5.000000000000000000e+01,4.000000000000000222e-01,1.000000000000000056e-01,3.000000000000000000e+01,5.000000000000000000e+02,4.081632653061229021e-02
1.300000000000000000e+01,1.000000000000000000e+03,5.000000000000000000e+02,5.000000000000000000e+01,4.000000000000000222e-01,1.000000000000000056e-01,4.000000000000000000e+01,5.000000000000000000e+02,4.081632653061229021e-02
1.300000000000000000e+01,1.000000000000000000e+03,5.000000000000000000e+02,5.000000000000000000e+01,4.000000000000000222e-01,1.000000000000000056e-01,6.000000000000000000e+01,5.000000000000000000e+02,4.081632653061229021e-02
3.000000000000000000e+00,1.000000000000000000e+03,5.000000000000000000e+02,5.000000000000000000e+01,4.000000000000000222e-01,1.000000000000000056e-01,3.000000000000000000e+01,2.500000000000000000e+02,9.999999999999997780e-02
3.000000000000000000e+00,1.000000000000000000e+03,5.000000000000000000e+02,5.000000000000000000e+01,4.000000000000000222e-01,1.000000000000000056e-01,4.000000000000000000e+01,2.500000000000000000e+02,9.999999999999997780e-02
2.300000000000000000e+01,1.000000000000000000e+03,5.000000000000000000e+02,5.000000000000000000e+01,4.000000000000000222e-01,4.000000000000000222e-01,2.000000000000000000e+01,2.500000000000000000e+02,5.583756345177659508e-02
3.000000000000000000e+00,1.000000000000000000e+03,5.000000000000000000e+02,5.000000000000000000e+01,4.000000000000000222e-01,1.000000000000000056e-01,6.000000000000000000e+01,2.500000000000000000e+02,9.999999999999997780e-02
2.300000000000000000e+01,1.000000000000000000e+03,5.000000000000000000e+02,5.000000000000000000e+01,4.000000000000000222e-01,4.000000000000000222e-01,3.000000000000000000e+01,2.500000000000000000e+02,7.106598984771572702e-02
1.300000000000000000e+01,1.000000000000000000e+03,5.000000000000000000e+02,5.000000000000000000e+01,4.000000000000000222e-01,2.000000000000000111e-01,2.000000000000000000e+01,2.500000000000000000e+02,5.050505050505049720e-02
3.000000000000000000e+00,1.000000000000000000e+03,5.000000000000000000e+02,5.000000000000000000e+01,4.000000000000000222e-01,1.000000000000000056e-01,2.000000000000000000e+01,5.000000000000000000e+02,9.999999999999997780e-02
3.000000000000000000e+00,1.000000000000000000e+03,5.000000000000000000e+02,5.000000000000000000e+01,4.000000000000000222e-01,1.000000000000000056e-01,3.000000000000000000e+01,5.000000000000000000e+02,1.199999999999999956e-01
3.000000000000000000e+00,1.000000000000000000e+03,5.000000000000000000e+02,5.000000000000000000e+01,4.000000000000000222e-01,1.000000000000000056e-01,4.000000000000000000e+01,5.000000000000000000e+02,1.199999999999999956e-01
2.300000000000000000e+01,1.000000000000000000e+03,5.000000000000000000e+02,5.000000000000000000e+01,4.000000000000000222e-01,4.000000000000000222e-01,4.000000000000000000e+01,2.500000000000000000e+02,5.583756345177659508e-02
3.000000000000000000e+00,1.000000000000000000e+03,5.000000000000000000e+02,5.000000000000000000e+01,4.000000000000000222e-01,1.000000000000000056e-01,6.000000000000000000e+01,5.000000000000000000e+02,1.199999999999999956e-01
1.300000000000000000e+01,1.000000000000000000e+03,5.000000000000000000e+02,5.000000000000000000e+01,4.000000000000000222e-01,2.000000000000000111e-01,3.000000000000000000e+01,2.500000000000000000e+02,5.050505050505049720e-02
3.000000000000000000e+00,1.000000000000000000e+03,5.000000000000000000e+02,5.000000000000000000e+01,4.000000000000000222e-01,2.000000000000000111e-01,2.000000000000000000e+01,2.500000000000000000e+02,7.070707070707071829e-02
3.000000000000000000e+00,1.000000000000000000e+03,5.000000000000000000e+02,5.000000000000000000e+01,4.000000000000000222e-01,2.000000000000000111e-01,3.000000000000000000e+01,2.500000000000000000e+02,8.080808080808077332e-02
3.000000000000000000e+00,1.000000000000000000e+03,5.000000000000000000e+02,5.000000000000000000e+01,4.000000000000000222e-01,2.000000000000000111e-01,4.000000000000000000e+01,2.500000000000000000e+02,9.090909090909093937e-02
1.300000000000000000e+01,1.000000000000000000e+03,5.000000000000000000e+02,5.000000000000000000e+01,4.000000000000000222e-01,2.000000000000000111e-01,4.000000000000000000e+01,2.500000000000000000e+02,5.050505050505049720e-02
3.000000000000000000e+00,1.000000000000000000e+03,5.000000000000000000e+02,5.000000000000000000e+01,4.000000000000000222e-01,2.000000000000000111e-01,6.000000000000000000e+01,2.500000000000000000e+02,9.090909090909093937e-02
3.000000000000000000e+00,1.000000000000000000e+03,5.000000000000000000e+02,5.000000000000000000e+01,4.000000000000000222e-01,2.000000000000000111e-01,2.000000000000000000e+01,5.000000000000000000e+02,7.070707070707071829e-02
2.300000000000000000e+01,1.000000000000000000e+03,5.000000000000000000e+02,5.000000000000000000e+01,4.000000000000000222e-01,4.000000000000000222e-01,6.000000000000000000e+01,2.500000000000000000e+02,6.091370558375630573e-02
3.000000000000000000e+00,1.000000000000000000e+03,5.000000000000000000e+02,5.000000000000000000e+01,4.000000000000000222e-01,2.000000000000000111e-01,3.000000000000000000e+01,5.000000000000000000e+02,7.070707070707071829e-02
3.000000000000000000e+00,1.000000000000000000e+03,5.000000000000000000e+02,5.000000000000000000e+01,4.000000000000000222e-01,2.000000000000000111e-01,4.000000000000000000e+01,5.000000000000000000e+02,8.080808080808077332e-02
3.000000000000000000e+00,1.000000000000000000e+03,5.000000000000000000e+02,5.000000000000000000e+01,4.000000000000000222e-01,2.000000000000000111e-01,6.000000000000000000e+01,5.000000000000000000e+02,8.080808080808077332e-02
2.300000000000000000e+01,1.000000000000000000e+03,5.000000000000000000e+02,5.000000000000000000e+01,4.000000000000000222e-01,4.000000000000000222e-01,2.000000000000000000e+01,5.000000000000000000e+02,4.060913705583757416e-02
2.300000000000000000e+01,1.000000000000000000e+03,5.000000000000000000e+02,5.000000000000000000e+01,4.000000000000000222e-01,4.000000000000000222e-01,3.000000000000000000e+01,5.000000000000000000e+02,4.568527918781728481e-02
2.300000000000000000e+01,1.000000000000000000e+03,5.000000000000000000e+02,5.000000000000000000e+01,4.000000000000000222e-01,4.000000000000000222e-01,4.000000000000000000e+01,5.000000000000000000e+02,4.568527918781728481e-02
1.300000000000000000e+01,1.000000000000000000e+03,5.000000000000000000e+02,5.000000000000000000e+01,4.000000000000000222e-01,2.000000000000000111e-01,6.000000000000000000e+01,2.500000000000000000e+02,5.050505050505049720e-02
2.300000000000000000e+01,1.000000000000000000e+03,5.000000000000000000e+02,5.000000000000000000e+01,4.000000000000000222e-01,4.000000000000000222e-01,6.000000000000000000e+01,5.000000000000000000e+02,5.583756345177659508e-02
2.400000000000000000e+01,1.000000000000000000e+03,5.000000000000000000e+02,5.000000000000000000e+01,1.000000000000000056e-01,1.000000000000000056e-01,2.000000000000000000e+01,2.500000000000000000e+02,2.040816326530612290e-01
2.400000000000000000e+01,1.000000000000000000e+03,5.000000000000000000e+02,5.000000000000000000e+01,1.000000000000000056e-01,1.000000000000000056e-01,3.000000000000000000e+01,2.500000000000000000e+02,2.244897959183673741e-01
2.400000000000000000e+01,1.000000000000000000e+03,5.000000000000000000e+02,5.000000000000000000e+01,1.000000000000000056e-01,1.000000000000000056e-01,4.000000000000000000e+01,2.500000000000000000e+02,2.653061224489795533e-01
1.300000000000000000e+01,1.000000000000000000e+03,5.000000000000000000e+02,5.000000000000000000e+01,4.000000000000000222e-01,2.000000000000000111e-01,2.000000000000000000e+01,5.000000000000000000e+02,6.060606060606055223e-02
2.400000000000000000e+01,1.000000000000000000e+03,5.000000000000000000e+02,5.000000000000000000e+01,1.000000000000000056e-01,1.000000000000000056e-01,6.000000000000000000e+01,2.500000000000000000e+02,2.857142857142856984e-01
2.400000000000000000e+01,1.000000000000000000e+03,5.000000000000000000e+02,5.000000000000000000e+01,1.000000000000000056e-01,1.000000000000000056e-01,2.000000000000000000e+01,5.000000000000000000e+02,1.632653061224489388e-01
2.400000000000000000e+01,1.000000000000000000e+03,5.000000000000000000e+02,5.000000000000000000e+01,1.000000000000000056e-01,1.000000000000000056e-01,3.000000000000000000e+01,5.000000000000000000e+02,1.836734693877550839e-01
1.300000000000000000e+01,1.000000000000000000e+03,5.000000000000000000e+02,5.000000000000000000e+01,4.000000000000000222e-01,2.000000000000000111e-01,3.000000000000000000e+01,5.000000000000000000e+02,7.070707070707071829e-02
3.000000000000000000e+00,1.000000000000000000e+03,5.000000000000000000e+02,5.000000000000000000e+01,4.000000000000000222e-01,4.000000000000000222e-01,2.000000000000000000e+01,2.500000000000000000e+02,4.712041884816753345e-02
2.400000000000000000e+01,1.000000000000000000e+03,5.000000000000000000e+02,5.000000000000000000e+01,1.000000000000000056e-01,1.000000000000000056e-01,4.000000000000000000e+01,5.000000000000000000e+02,2.040816326530612290e-01
2.400000000000000000e+01,1.000000000000000000e+03,5.000000000000000000e+02,5.000000000000000000e+01,1.000000000000000056e-01,1.000000000000000056e-01,6.000000000000000000e+01,5.000000000000000000e+02,2.040816326530612290e-01
2.400000000000000000e+01,1.000000000000000000e+03,5.000000000000000000e+02,5.000000000000000000e+01,1.000000000000000056e-01,2.000000000000000111e-01,2.000000000000000000e+01,2.500000000000000000e+02,5.000000000000000000e-01
2.400000000000000000e+01,1.000000000000000000e+03,5.000000000000000000e+02,5.000000000000000000e+01,1.000000000000000056e-01,2.000000000000000111e-01,3.000000000000000000e+01,2.500000000000000000e+02,5.222222222222221433e-01
2.400000000000000000e+01,1.000000000000000000e+03,5.000000000000000000e+02,5.000000000000000000e+01,1.000000000000000056e-01,2.000000000000000111e-01,4.000000000000000000e+01,2.500000000000000000e+02,5.111111111111110716e-01
1.300000000000000000e+01,1.000000000000000000e+03,5.000000000000000000e+02,5.000000000000000000e+01,4.000000000000000222e-01,2.000000000000000111e-01,4.000000000000000000e+01,5.000000000000000000e+02,7.070707070707071829e-02
2.400000000000000000e+01,1.000000000000000000e+03,5.000000000000000000e+02,5.000000000000000000e+01,1.000000000000000056e-01,2.000000000000000111e-01,6.000000000000000000e+01,2.500000000000000000e+02,8.000000000000000444e-01
2.400000000000000000e+01,1.000000000000000000e+03,5.000000000000000000e+02,5.000000000000000000e+01,1.000000000000000056e-01,2.000000000000000111e-01,2.000000000000000000e+01,5.000000000000000000e+02,4.222222222222222765e-01
2.400000000000000000e+01,1.000000000000000000e+03,5.000000000000000000e+02,5.000000000000000000e+01,1.000000000000000056e-01,2.000000000000000111e-01,3.000000000000000000e+01,5.000000000000000000e+02,4.777777777777777457e-01
2.400000000000000000e+01,1.000000000000000000e+03,5.000000000000000000e+02,5.000000000000000000e+01,1.000000000000000056e-01,2.000000000000000111e-01,4.000000000000000000e+01,5.000000000000000000e+02,5.111111111111110716e-01
2.400000000000000000e+01,1.000000000000000000e+03,5.000000000000000000e+02,5.000000000000000000e+01,1.000000000000000056e-01,2.000000000000000111e-01,6.000000000000000000e+01,5.000000000000000000e+02,5.333333333333333259e-01
2.400000000000000000e+01,1.000000000000000000e+03,5.000000000000000000e+02,5.000000000000000000e+01,1.000000000000000056e-01,4.000000000000000222e-01,2.000000000000000000e+01,2.500000000000000000e+02,2.393617021276596146e-01
2.400000000000000000e+01,1.000000000000000000e+03,5.000000000000000000e+02,5.000000000000000000e+01,1.000000000000000056e-01,4.000000000000000222e-01,3.000000000000000000e+01,2.500000000000000000e+02,2.606382978723403854e-01
2.400000000000000000e+01,1.000000000000000000e+03,5.000000000000000000e+02,5.000000000000000000e+01,1.000000000000000056e-01,4.000000000000000222e-01,4.000000000000000000e+01,2.500000000000000000e+02,2.712765957446808818e-01
2.400000000000000000e+01,1.000000000000000000e+03,5.000000000000000000e+02,5.000000000000000000e+01,1.000000000000000056e-01,4.000000000000000222e-01,6.000000000000000000e+01,2.500000000000000000e+02,2.606382978723403854e-01
3.000000000000000000e+00,1.000000000000000000e+03,5.000000000000000000e+02,5.000000000000000000e+01,4.000000000000000222e-01,4.000000000000000222e-01,3.000000000000000000e+01,2.500000000000000000e+02,4.188481675392674575e-02
2.400000000000000000e+01,1.000000000000000000e+03,5.000000000000000000e+02,5.000000000000000000e+01,1.000000000000000056e-01,4.000000000000000222e-01,2.000000000000000000e+01,5.000000000000000000e+02,3.563829787234042978e-01
2.400000000000000000e+01,1.000000000000000000e+03,5.000000000000000000e+02,5.000000000000000000e+01,1.000000000000000056e-01,4.000000000000000222e-01,3.000000000000000000e+01,5.000000000000000000e+02,3.670212765957446832e-01
2.400000000000000000e+01,1.000000000000000000e+03,5.000000000000000000e+02,5.000000000000000000e+01,1.000000000000000056e-01,4.000000000000000222e-01,4.000000000000000000e+01,5.000000000000000000e+02,3.670212765957446832e-01
1.300000000000000000e+01,1.000000000000000000e+03,5.000000000000000000e+02,5.000000000000000000e+01,4.000000000000000222e-01,2.000000000000000111e-01,6.000000000000000000e+01,5.000000000000000000e+02,7.070707070707071829e-02
2.400000000000000000e+01,1.000000000000000000e+03,5.000000000000000000e+02,5.000000000000000000e+01,1.000000000000000056e-01,4.000000000000000222e-01,6.000000000000000000e+01,5.000000000000000000e+02,3.617021276595744350e-01
3.000000000000000000e+00,1.000000000000000000e+03,5.000000000000000000e+02,5.000000000000000000e+01,4.000000000000000222e-01,4.000000000000000222e-01,4.000000000000000000e+01,2.500000000000000000e+02,4.188481675392674575e-02
1.300000000000000000e+01,1.000000000000000000e+03,5.000000000000000000e+02,5.000000000000000000e+01,4.000000000000000222e-01,4.000000000000000222e-01,2.000000000000000000e+01,2.500000000000000000e+02,9.375000000000000000e-02
2.400000000000000000e+01,1.000000000000000000e+03,5.000000000000000000e+02,5.000000000000000000e+01,2.000000000000000111e-01,1.000000000000000056e-01,2.000000000000000000e+01,2.500000000000000000e+02,6.382978723404253429e-02
3.000000000000000000e+00,1.000000000000000000e+03,5.000000000000000000e+02,5.000000000000000000e+01,4.000000000000000222e-01,4.000000000000000222e-01,6.000000000000000000e+01,2.500000000000000000e+02,4.188481675392674575e-02
1.300000000000000000e+01,1.000000000000000000e+03,5.000000000000000000e+02,5.000000000000000000e+01,4.000000000000000222e-01,4.000000000000000222e-01,3.000000000000000000e+01,2.500000000000000000e+02,1.093750000000000000e-01
3.000000000000000000e+00,1.000000000000000000e+03,5.000000000000000000e+02,5.000000000000000000e+01,4.000000000000000222e-01,4.000000000000000222e-01,2.000000000000000000e+01,5.000000000000000000e+02,4.188481675392674575e-02
3.000000000000000000e+00,1.000000000000000000e+03,5.000000000000000000e+02,5.000000000000000000e+01,4.000000000000000222e-01,4.000000000000000222e-01,3.000000000000000000e+01,5.000000000000000000e+02,4.712041884816753345e-02
3.000000000000000000e+00,1.000000000000000000e+03,5.000000000000000000e+02,5.000000000000000000e+01,4.000000000000000222e-01,4.000000000000000222e-01,4.000000000000000000e+01,5.000000000000000000e+02,4.712041884816753345e-02
2.400000000000000000e+01,1.000000000000000000e+03,5.000000000000000000e+02,5.000000000000000000e+01,2.000000000000000111e-01,1.000000000000000056e-01,3.000000000000000000e+01,2.500000000000000000e+02,6.382978723404253429e-02
1.300000000000000000e+01,1.000000000000000000e+03,5.000000000000000000e+02,5.000000000000000000e+01,4.000000000000000222e-01,4.000000000000000222e-01,4.000000000000000000e+01,2.500000000000000000e+02,1.250000000000000000e-01
3.000000000000000000e+00,1.000000000000000000e+03,5.000000000000000000e+02,5.000000000000000000e+01,4.000000000000000222e-01,4.000000000000000222e-01,6.000000000000000000e+01,5.000000000000000000e+02,4.712041884816753345e-02
4.000000000000000000e+00,1.000000000000000000e+03,5.000000000000000000e+02,5.000000000000000000e+01,1.000000000000000056e-01,1.000000000000000056e-01,2.000000000000000000e+01,2.500000000000000000e+02,4.489795918367347483e-01
4.000000000000000000e+00,1.000000000000000000e+03,5.000000000000000000e+02,5.000000000000000000e+01,1.000000000000000056e-01,1.000000000000000056e-01,3.000000000000000000e+01,2.500000000000000000e+02,3.061224489795918435e-01
4.000000000000000000e+00,1.000000000000000000e+03,5.000000000000000000e+02,5.000000000000000000e+01,1.000000000000000056e-01,1.000000000000000056e-01,4.000000000000000000e+01,2.500000000000000000e+02,3.265306122448979886e-01
4.000000000000000000e+00,1.000000000000000000e+03,5.000000000000000000e+02,5.000000000000000000e+01,1.000000000000000056e-01,1.000000000000000056e-01,6.000000000000000000e+01,2.500000000000000000e+02,3.061224489795918435e-01
4.000000000000000000e+00,1.000000000000000000e+03,5.000000000000000000e+02,5.000000000000000000e+01,1.000000000000000056e-01,1.000000000000000056e-01,2.000000000000000000e+01,5.000000000000000000e+02,1.836734693877550839e-01
4.000000000000000000e+00,1.000000000000000000e+03,5.000000000000000000e+02,5.000000000000000000e+01,1.000000000000000056e-01,1.000000000000000056e-01,3.000000000000000000e+01,5.000000000000000000e+02,2.857142857142856984e-01
4.000000000000000000e+00,1.000000000000000000e+03,5.000000000000000000e+02,5.000000000000000000e+01,1.000000000000000056e-01,1.000000000000000056e-01,4.000000000000000000e+01,5.000000000000000000e+02,2.857142857142856984e-01
4.000000000000000000e+00,1.000000000000000000e+03,5.000000000000000000e+02,5.000000000000000000e+01,1.000000000000000056e-01,1.000000000000000056e-01,6.000000000000000000e+01,5.000000000000000000e+02,2.653061224489795533e-01
4.000000000000000000e+00,1.000000000000000000e+03,5.000000000000000000e+02,5.000000000000000000e+01,1.000000000000000056e-01,2.000000000000000111e-01,2.000000000000000000e+01,2.500000000000000000e+02,2.421052631578947123e-01
2.400000000000000000e+01,1.000000000000000000e+03,5.000000000000000000e+02,5.000000000000000000e+01,2.000000000000000111e-01,1.000000000000000056e-01,4.000000000000000000e+01,2.500000000000000000e+02,6.382978723404253429e-02
4.000000000000000000e+00,1.000000000000000000e+03,5.000000000000000000e+02,5.000000000000000000e+01,1.000000000000000056e-01,2.000000000000000111e-01,3.000000000000000000e+01,2.500000000000000000e+02,2.631578947368421462e-01
4.000000000000000000e+00,1.000000000000000000e+03,5.000000000000000000e+02,5.000000000000000000e+01,1.000000000000000056e-01,2.000000000000000111e-01,4.000000000000000000e+01,2.500000000000000000e+02,2.736842105263157521e-01
4.000000000000000000e+00,1.000000000000000000e+03,5.000000000000000000e+02,5.000000000000000000e+01,1.000000000000000056e-01,2.000000000000000111e-01,6.000000000000000000e+01,2.500000000000000000e+02,2.842105263157894690e-01
1.300000000000000000e+01,1.000000000000000000e+03,5.000000000000000000e+02,5.000000000000000000e+01,4.000000000000000222e-01,4.000000000000000222e-01,6.000000000000000000e+01,2.500000000000000000e+02,1.250000000000000000e-01
4.000000000000000000e+00,1.000000000000000000e+03,5.000000000000000000e+02,5.000000000000000000e+01,1.000000000000000056e-01,2.000000000000000111e-01,2.000000000000000000e+01,5.000000000000000000e+02,1.894736842105263497e-01
4.000000000000000000e+00,1.000000000000000000e+03,5.000000000000000000e+02,5.000000000000000000e+01,1.000000000000000056e-01,2.000000000000000111e-01,3.000000000000000000e+01,5.000000000000000000e+02,1.894736842105263497e-01
4.000000000000000000e+00,1.000000000000000000e+03,5.000000000000000000e+02,5.000000000000000000e+01,1.000000000000000056e-01,2.000000000000000111e-01,4.000000000000000000e+01,5.000000000000000000e+02,2.210526315789473895e-01
1.300000000000000000e+01,1.000000000000000000e+03,5.000000000000000000e+02,5.000000000000000000e+01,4.000000000000000222e-01,4.000000000000000222e-01,2.000000000000000000e+01,5.000000000000000000e+02,1.041666666666666297e-01
4.000000000000000000e+00,1.000000000000000000e+03,5.000000000000000000e+02,5.000000000000000000e+01,1.000000000000000056e-01,2.000000000000000111e-01,6.000000000000000000e+01,5.000000000000000000e+02,2.421052631578947123e-01
1.300000000000000000e+01,1.000000000000000000e+03,5.000000000000000000e+02,5.000000000000000000e+01,4.000000000000000222e-01,4.000000000000000222e-01,3.000000000000000000e+01,5.000000000000000000e+02,1.145833333333333703e-01
1.300000000000000000e+01,1.000000000000000000e+03,5.000000000000000000e+02,5.000000000000000000e+01,4.000000000000000222e-01,4.000000000000000222e-01,4.000000000000000000e+01,5.000000000000000000e+02,1.197916666666666297e-01
2.400000000000000000e+01,1.000000000000000000e+03,5.000000000000000000e+02,5.000000000000000000e+01,2.000000000000000111e-01,1.000000000000000056e-01,6.000000000000000000e+01,2.500000000000000000e+02,6.382978723404253429e-02
1.300000000000000000e+01,1.000000000000000000e+03,5.000000000000000000e+02,5.000000000000000000e+01,4.000000000000000222e-01,4.000000000000000222e-01,6.000000000000000000e+01,5.000000000000000000e+02,1.041666666666666297e-01
1.400000000000000000e+01,1.000000000000000000e+03,5.000000000000000000e+02,5.000000000000000000e+01,1.000000000000000056e-01,1.000000000000000056e-01,2.000000000000000000e+01,2.500000000000000000e+02,1.020408163265306145e-01
2.400000000000000000e+01,1.000000000000000000e+03,5.000000000000000000e+02,5.000000000000000000e+01,2.000000000000000111e-01,1.000000000000000056e-01,2.000000000000000000e+01,5.000000000000000000e+02,8.510638297872341607e-02
1.400000000000000000e+01,1.000000000000000000e+03,5.000000000000000000e+02,5.000000000000000000e+01,1.000000000000000056e-01,1.000000000000000056e-01,3.000000000000000000e+01,2.500000000000000000e+02,1.020408163265306145e-01
2.400000000000000000e+01,1.000000000000000000e+03,5.000000000000000000e+02,5.000000000000000000e+01,2.000000000000000111e-01,1.000000000000000056e-01,3.000000000000000000e+01,5.000000000000000000e+02,8.510638297872341607e-02
1.400000000000000000e+01,1.000000000000000000e+03,5.000000000000000000e+02,5.000000000000000000e+01,1.000000000000000056e-01,1.000000000000000056e-01,4.000000000000000000e+01,2.500000000000000000e+02,1.428571428571429047e-01
2.400000000000000000e+01,1.000000000000000000e+03,5.000000000000000000e+02,5.000000000000000000e+01,2.000000000000000111e-01,1.000000000000000056e-01,4.000000000000000000e+01,5.000000000000000000e+02,1.276595744680850686e-01
1.400000000000000000e+01,1.000000000000000000e+03,5.000000000000000000e+02,5.000000000000000000e+01,1.000000000000000056e-01,1.000000000000000056e-01,6.000000000000000000e+01,2.500000000000000000e+02,1.428571428571429047e-01
2.400000000000000000e+01,1.000000000000000000e+03,5.000000000000000000e+02,5.000000000000000000e+01,2.000000000000000111e-01,1.000000000000000056e-01,6.000000000000000000e+01,5.000000000000000000e+02,1.276595744680850686e-01
1.400000000000000000e+01,1.000000000000000000e+03,5.000000000000000000e+02,5.000000000000000000e+01,1.000000000000000056e-01,1.000000000000000056e-01,2.000000000000000000e+01,5.000000000000000000e+02,1.224489795918367596e-01
2.400000000000000000e+01,1.000000000000000000e+03,5.000000000000000000e+02,5.000000000000000000e+01,2.000000000000000111e-01,2.000000000000000111e-01,2.000000000000000000e+01,2.500000000000000000e+02,7.368421052631579649e-02
4.000000000000000000e+00,1.000000000000000000e+03,5.000000000000000000e+02,5.000000000000000000e+01,1.000000000000000056e-01,4.000000000000000222e-01,2.000000000000000000e+01,2.500000000000000000e+02,1.768292682926829729e-01
1.400000000000000000e+01,1.000000000000000000e+03,5.000000000000000000e+02,5.000000000000000000e+01,1.000000000000000056e-01,1.000000000000000056e-01,3.000000000000000000e+01,5.000000000000000000e+02,1.428571428571429047e-01
2.400000000000000000e+01,1.000000000000000000e+03,5.000000000000000000e+02,5.000000000000000000e+01,2.000000000000000111e-01,2.000000000000000111e-01,3.000000000000000000e+01,2.500000000000000000e+02,8.421052631578951342e-02
2.400000000000000000e+01,1.000000000000000000e+03,5.000000000000000000e+02,5.000000000000000000e+01,2.000000000000000111e-01,2.000000000000000111e-01,4.000000000000000000e+01,2.500000000000000000e+02,5.263157894736847364e-02
1.400000000000000000e+01,1.000000000000000000e+03,5.000000000000000000e+02,5.000000000000000000e+01,1.000000000000000056e-01,1.000000000000000056e-01,4.000000000000000000e+01,5.000000000000000000e+02,1.428571428571429047e-01
2.400000000000000000e+01,1.000000000000000000e+03,5.000000000000000000e+02,5.000000000000000000e+01,2.000000000000000111e-01,2.000000000000000111e-01,6.000000000000000000e+01,2.500000000000000000e+02,9.473684210526311933e-02
1.400000000000000000e+01,1.000000000000000000e+03,5.000000000000000000e+02,5.000000000000000000e+01,1.000000000000000056e-01,1.000000000000000056e-01,6.000000000000000000e+01,5.000000000000000000e+02,1.632653061224489388e-01
2.400000000000000000e+01,1.000000000000000000e+03,5.000000000000000000e+02,5.000000000000000000e+01,2.000000000000000111e-01,2.000000000000000111e-01,2.000000000000000000e+01,5.000000000000000000e+02,7.368421052631579649e-02
2.400000000000000000e+01,1.000000000000000000e+03,5.000000000000000000e+02,5.000000000000000000e+01,2.000000000000000111e-01,2.000000000000000111e-01,3.000000000000000000e+01,5.000000000000000000e+02,8.421052631578951342e-02
2.400000000000000000e+01,1.000000000000000000e+03,5.000000000000000000e+02,5.000000000000000000e+01,2.000000000000000111e-01,2.000000000000000111e-01,4.000000000000000000e+01,5.000000000000000000e+02,9.473684210526311933e-02
2.400000000000000000e+01,1.000000000000000000e+03,5.000000000000000000e+02,5.000000000000000000e+01,2.000000000000000111e-01,2.000000000000000111e-01,6.000000000000000000e+01,5.000000000000000000e+02,1.052631578947368363e-01
1.400000000000000000e+01,1.000000000000000000e+03,5.000000000000000000e+02,5.000000000000000000e+01,1.000000000000000056e-01,2.000000000000000111e-01,2.000000000000000000e+01,2.500000000000000000e+02,1.702127659574468321e-01
2.400000000000000000e+01,1.000000000000000000e+03,5.000000000000000000e+02,5.000000000000000000e+01,2.000000000000000111e-01,4.000000000000000222e-01,2.000000000000000000e+01,2.500000000000000000e+02,1.837837837837837940e-01
2.400000000000000000e+01,1.000000000000000000e+03,5.000000000000000000e+02,5.000000000000000000e+01,2.000000000000000111e-01,4.000000000000000222e-01,3.000000000000000000e+01,2.500000000000000000e+02,2.486486486486486625e-01
4.000000000000000000e+00,1.000000000000000000e+03,5.000000000000000000e+02,5.000000000000000000e+01,1.000000000000000056e-01,4.000000000000000222e-01,3.000000000000000000e+01,2.500000000000000000e+02,2.256097560975609539e-01
2.400000000000000000e+01,1.000000000000000000e+03,5.000000000000000000e+02,5.000000000000000000e+01,2.000000000000000111e-01,4.000000000000000222e-01,4.000000000000000000e+01,2.500000000000000000e+02,2.270270270270270396e-01
1.400000000000000000e+01,1.000000000000000000e+03,5.000000000000000000e+02,5.000000000000000000e+01,1.000000000000000056e-01,2.000000000000000111e-01,3.000000000000000000e+01,2.500000000000000000e+02,1.914893617021277139e-01
2.400000000000000000e+01,1.000000000000000000e+03,5.000000000000000000e+02,5.000000000000000000e+01,2.000000000000000111e-01,4.000000000000000222e-01,6.000000000000000000e+01,2.500000000000000000e+02,2.432432432432432012e-01
2.400000000000000000e+01,1.000000000000000000e+03,5.000000000000000000e+02,5.000000000000000000e+01,2.000000000000000111e-01,4.000000000000000222e-01,2.000000000000000000e+01,5.000000000000000000e+02,2.108108108108107670e-01
1.400000000000000000e+01,1.000000000000000000e+03,5.000000000000000000e+02,5.000000000000000000e+01,1.000000000000000056e-01,2.000000000000000111e-01,4.000000000000000000e+01,2.500000000000000000e+02,2.021276595744680993e-01
2.400000000000000000e+01,1.000000000000000000e+03,5.000000000000000000e+02,5.000000000000000000e+01,2.000000000000000111e-01,4.000000000000000222e-01,3.000000000000000000e+01,5.000000000000000000e+02,2.108108108108107670e-01
2.400000000000000000e+01,1.000000000000000000e+03,5.000000000000000000e+02,5.000000000000000000e+01,2.000000000000000111e-01,4.000000000000000222e-01,4.000000000000000000e+01,5.000000000000000000e+02,2.324324324324323898e-01
2.400000000000000000e+01,1.000000000000000000e+03,5.000000000000000000e+02,5.000000000000000000e+01,2.000000000000000111e-01,4.000000000000000222e-01,6.000000000000000000e+01,5.000000000000000000e+02,1.999999999999999556e-01
1.400000000000000000e+01,1.000000000000000000e+03,5.000000000000000000e+02,5.000000000000000000e+01,1.000000000000000056e-01,2.000000000000000111e-01,6.000000000000000000e+01,2.500000000000000000e+02,2.234042553191489811e-01
2.400000000000000000e+01,1.000000000000000000e+03,5.000000000000000000e+02,5.000000000000000000e+01,4.000000000000000222e-01,1.000000000000000056e-01,2.000000000000000000e+01,2.500000000000000000e+02,1.400000000000000133e-01
4.000000000000000000e+00,1.000000000000000000e+03,5.000000000000000000e+02,5.000000000000000000e+01,1.000000000000000056e-01,4.000000000000000222e-01,4.000000000000000000e+01,2.500000000000000000e+02,2.439024390243902385e-01
1.400000000000000000e+01,1.000000000000000000e+03,5.000000000000000000e+02,5.000000000000000000e+01,1.000000000000000056e-01,2.000000000000000111e-01,2.000000000000000000e+01,5.000000000000000000e+02,1.595744680851063357e-01
2.400000000000000000e+01,1.000000000000000000e+03,5.000000000000000000e+02,5.000000000000000000e+01,4.000000000000000222e-01,1.000000000000000056e-01,3.000000000000000000e+01,2.500000000000000000e+02,1.400000000000000133e-01
1.400000000000000000e+01,1.000000000000000000e+03,5.000000000000000000e+02,5.000000000000000000e+01,1.000000000000000056e-01,2.000000000000000111e-01,3.000000000000000000e+01,5.000000000000000000e+02,1.702127659574468321e-01
2.400000000000000000e+01,1.000000000000000000e+03,5.000000000000000000e+02,5.000000000000000000e+01,4.000000000000000222e-01,1.000000000000000056e-01,4.000000000000000000e+01,2.500000000000000000e+02,1.400000000000000133e-01
1.400000000000000000e+01,1.000000000000000000e+03,5.000000000000000000e+02,5.000000000000000000e+01,1.000000000000000056e-01,2.000000000000000111e-01,4.000000000000000000e+01,5.000000000000000000e+02,1.702127659574468321e-01
1.400000000000000000e+01,1.000000000000000000e+03,5.000000000000000000e+02,5.000000000000000000e+01,1.000000000000000056e-01,2.000000000000000111e-01,6.000000000000000000e+01,5.000000000000000000e+02,1.595744680851063357e-01
2.400000000000000000e+01,1.000000000000000000e+03,5.000000000000000000e+02,5.000000000000000000e+01,4.000000000000000222e-01,1.000000000000000056e-01,6.000000000000000000e+01,2.500000000000000000e+02,1.400000000000000133e-01
1.400000000000000000e+01,1.000000000000000000e+03,5.000000000000000000e+02,5.000000000000000000e+01,1.000000000000000056e-01,4.000000000000000222e-01,2.000000000000000000e+01,2.500000000000000000e+02,2.571428571428571175e-01
1.400000000000000000e+01,1.000000000000000000e+03,5.000000000000000000e+02,5.000000000000000000e+01,1.000000000000000056e-01,4.000000000000000222e-01,3.000000000000000000e+01,2.500000000000000000e+02,2.171428571428571930e-01
2.400000000000000000e+01,1.000000000000000000e+03,5.000000000000000000e+02,5.000000000000000000e+01,4.000000000000000222e-01,1.000000000000000056e-01,2.000000000000000000e+01,5.000000000000000000e+02,1.199999999999999956e-01
1.400000000000000000e+01,1.000000000000000000e+03,5.000000000000000000e+02,5.000000000000000000e+01,1.000000000000000056e-01,4.000000000000000222e-01,4.000000000000000000e+01,2.500000000000000000e+02,2.514285714285714457e-01
2.400000000000000000e+01,1.000000000000000000e+03,5.000000000000000000e+02,5.000000000000000000e+01,4.000000000000000222e-01,1.000000000000000056e-01,3.000000000000000000e+01,5.000000000000000000e+02,1.400000000000000133e-01
1.400000000000000000e+01,1.000000000000000000e+03,5.000000000000000000e+02,5.000000000000000000e+01,1.000000000000000056e-01,4.000000000000000222e-01,6.000000000000000000e+01,2.500000000000000000e+02,2.857142857142856984e-01
2.400000000000000000e+01,1.000000000000000000e+03,5.000000000000000000e+02,5.000000000000000000e+01,4.000000000000000222e-01,1.000000000000000056e-01,4.000000000000000000e+01,5.000000000000000000e+02,1.400000000000000133e-01
1.400000000000000000e+01,1.000000000000000000e+03,5.000000000000000000e+02,5.000000000000000000e+01,1.000000000000000056e-01,4.000000000000000222e-01,2.000000000000000000e+01,5.000000000000000000e+02,1.771428571428571574e-01
1.400000000000000000e+01,1.000000000000000000e+03,5.000000000000000000e+02,5.000000000000000000e+01,1.000000000000000056e-01,4.000000000000000222e-01,3.000000000000000000e+01,5.000000000000000000e+02,2.057142857142857384e-01
1.400000000000000000e+01,1.000000000000000000e+03,5.000000000000000000e+02,5.000000000000000000e+01,1.000000000000000056e-01,4.000000000000000222e-01,4.000000000000000000e+01,5.000000000000000000e+02,1.885714285714286120e-01
2.400000000000000000e+01,1.000000000000000000e+03,5.000000000000000000e+02,5.000000000000000000e+01,4.000000000000000222e-01,1.000000000000000056e-01,6.000000000000000000e+01,5.000000000000000000e+02,1.600000000000000311e-01
1.400000000000000000e+01,1.000000000000000000e+03,5.000000000000000000e+02,5.000000000000000000e+01,1.000000000000000056e-01,4.000000000000000222e-01,6.000000000000000000e+01,5.000000000000000000e+02,2.628571428571429003e-01
1.400000000000000000e+01,1.000000000000000000e+03,5.000000000000000000e+02,5.000000000000000000e+01,2.000000000000000111e-01,1.000000000000000056e-01,2.000000000000000000e+01,2.500000000000000000e+02,1.224489795918367596e-01
1.400000000000000000e+01,1.000000000000000000e+03,5.000000000000000000e+02,5.000000000000000000e+01,2.000000000000000111e-01,1.000000000000000056e-01,3.000000000000000000e+01,2.500000000000000000e+02,1.428571428571429047e-01
1.400000000000000000e+01,1.000000000000000000e+03,5.000000000000000000e+02,5.000000000000000000e+01,2.000000000000000111e-01,1.000000000000000056e-01,4.000000000000000000e+01,2.500000000000000000e+02,1.428571428571429047e-01
1.400000000000000000e+01,1.000000000000000000e+03,5.000000000000000000e+02,5.000000000000000000e+01,2.000000000000000111e-01,1.000000000000000056e-01,6.000000000000000000e+01,2.500000000000000000e+02,1.632653061224489388e-01
2.400000000000000000e+01,1.000000000000000000e+03,5.000000000000000000e+02,5.000000000000000000e+01,4.000000000000000222e-01,2.000000000000000111e-01,2.000000000000000000e+01,2.500000000000000000e+02,5.000000000000004441e-02
1.400000000000000000e+01,1.000000000000000000e+03,5.000000000000000000e+02,5.000000000000000000e+01,2.000000000000000111e-01,1.000000000000000056e-01,2.000000000000000000e+01,5.000000000000000000e+02,8.163265306122446940e-02
1.400000000000000000e+01,1.000000000000000000e+03,5.000000000000000000e+02,5.000000000000000000e+01,2.000000000000000111e-01,1.000000000000000056e-01,3.000000000000000000e+01,5.000000000000000000e+02,1.020408163265306145e-01
1.400000000000000000e+01,1.000000000000000000e+03,5.000000000000000000e+02,5.000000000000000000e+01,2.000000000000000111e-01,1.000000000000000056e-01,4.000000000000000000e+01,5.000000000000000000e+02,1.020408163265306145e-01
2.400000000000000000e+01,1.000000000000000000e+03,5.000000000000000000e+02,5.000000000000000000e+01,4.000000000000000222e-01,2.000000000000000111e-01,3.000000000000000000e+01,2.500000000000000000e+02,5.000000000000004441e-02
4.000000000000000000e+00,1.000000000000000000e+03,5.000000000000000000e+02,5.000000000000000000e+01,1.000000000000000056e-01,4.000000000000000222e-01,6.000000000000000000e+01,2.500000000000000000e+02,2.134146341463414309e-01
1.400000000000000000e+01,1.000000000000000000e+03,5.000000000000000000e+02,5.000000000000000000e+01,2.000000000000000111e-01,1.000000000000000056e-01,6.000000000000000000e+01,5.000000000000000000e+02,1.020408163265306145e-01
2.400000000000000000e+01,1.000000000000000000e+03,5.000000000000000000e+02,5.000000000000000000e+01,4.000000000000000222e-01,2.000000000000000111e-01,4.000000000000000000e+01,2.500000000000000000e+02,5.000000000000004441e-02
1.400000000000000000e+01,1.000000000000000000e+03,5.000000000000000000e+02,5.000000000000000000e+01,2.000000000000000111e-01,2.000000000000000111e-01,2.000000000000000000e+01,2.500000000000000000e+02,1.632653061224489388e-01
1.400000000000000000e+01,1.000000000000000000e+03,5.000000000000000000e+02,5.000000000000000000e+01,2.000000000000000111e-01,2.000000000000000111e-01,3.000000000000000000e+01,2.500000000000000000e+02,1.734693877551020114e-01
4.000000000000000000e+00,1.000000000000000000e+03,5.000000000000000000e+02,5.000000000000000000e+01,1.000000000000000056e-01,4.000000000000000222e-01,2.000000000000000000e+01,5.000000000000000000e+02,2.317073170731707155e-01
1.400000000000000000e+01,1.000000000000000000e+03,5.000000000000000000e+02,5.000000000000000000e+01,2.000000000000000111e-01,2.000000000000000111e-01,4.000000000000000000e+01,2.500000000000000000e+02,1.836734693877550839e-01
4.000000000000000000e+00,1.000000000000000000e+03,5.000000000000000000e+02,5.000000000000000000e+01,1.000000000000000056e-01,4.000000000000000222e-01,3.000000000000000000e+01,5.000000000000000000e+02,2.682926829268292845e-01
2.400000000000000000e+01,1.000000000000000000e+03,5.000000000000000000e+02,5.000000000000000000e+01,4.000000000000000222e-01,2.000000000000000111e-01,6.000000000000000000e+01,2.500000000000000000e+02,6.999999999999995115e-02
1.400000000000000000e+01,1.000000000000000000e+03,5.000000000000000000e+02,5.000000000000000000e+01,2.000000000000000111e-01,2.000000000000000111e-01,6.000000000000000000e+01,2.500000000000000000e+02,1.836734693877550839e-01
4.000000000000000000e+00,1.000000000000000000e+03,5.000000000000000000e+02,5.000000000000000000e+01,1.000000000000000056e-01,4.000000000000000222e-01,4.000000000000000000e+01,5.000000000000000000e+02,2.865853658536585691e-01
2.400000000000000000e+01,1.000000000000000000e+03,5.000000000000000000e+02,5.000000000000000000e+01,4.000000000000000222e-01,2.000000000000000111e-01,2.000000000000000000e+01,5.000000000000000000e+02,5.000000000000004441e-02
1.400000000000000000e+01,1.000000000000000000e+03,5.000000000000000000e+02,5.000000000000000000e+01,2.000000000000000111e-01,2.000000000000000111e-01,2.000000000000000000e+01,5.000000000000000000e+02,1.734693877551020114e-01
1.400000000000000000e+01,1.000000000000000000e+03,5.000000000000000000e+02,5.000000000000000000e+01,2.000000000000000111e-01,2.000000000000000111e-01,3.000000000000000000e+01,5.000000000000000000e+02,1.836734693877550839e-01
2.400000000000000000e+01,1.000000000000000000e+03,5.000000000000000000e+02,5.000000000000000000e+01,4.000000000000000222e-01,2.000000000000000111e-01,3.000000000000000000e+01,5.000000000000000000e+02,5.000000000000004441e-02
1.400000000000000000e+01,1.000000000000000000e+03,5.000000000000000000e+02,5.000000000000000000e+01,2.000000000000000111e-01,2.000000000000000111e-01,4.000000000000000000e+01,5.000000000000000000e+02,2.142857142857143016e-01
2.400000000000000000e+01,1.000000000000000000e+03,5.000000000000000000e+02,5.000000000000000000e+01,4.000000000000000222e-01,2.000000000000000111e-01,4.000000000000000000e+01,5.000000000000000000e+02,5.000000000000004441e-02
1.400000000000000000e+01,1.000000000000000000e+03,5.000000000000000000e+02,5.000000000000000000e+01,2.000000000000000111e-01,2.000000000000000111e-01,6.000000000000000000e+01,5.000000000000000000e+02,1.632653061224489388e-01
4.000000000000000000e+00,1.000000000000000000e+03,5.000000000000000000e+02,5.000000000000000000e+01,1.000000000000000056e-01,4.000000000000000222e-01,6.000000000000000000e+01,5.000000000000000000e+02,2.378048780487804770e-01
2.400000000000000000e+01,1.000000000000000000e+03,5.000000000000000000e+02,5.000000000000000000e+01,4.000000000000000222e-01,2.000000000000000111e-01,6.000000000000000000e+01,5.000000000000000000e+02,6.999999999999995115e-02
1.400000000000000000e+01,1.000000000000000000e+03,5.000000000000000000e+02,5.000000000000000000e+01,2.000000000000000111e-01,4.000000000000000222e-01,2.000000000000000000e+01,2.500000000000000000e+02,1.413612565445026004e-01
2.400000000000000000e+01,1.000000000000000000e+03,5.000000000000000000e+02,5.000000000000000000e+01,4.000000000000000222e-01,4.000000000000000222e-01,2.000000000000000000e+01,2.500000000000000000e+02,8.695652173913048788e-02
4.000000000000000000e+00,1.000000000000000000e+03,5.000000000000000000e+02,5.000000000000000000e+01,2.000000000000000111e-01,1.000000000000000056e-01,2.000000000000000000e+01,2.500000000000000000e+02,7.999999999999996003e-02
1.400000000000000000e+01,1.000000000000000000e+03,5.000000000000000000e+02,5.000000000000000000e+01,2.000000000000000111e-01,4.000000000000000222e-01,3.000000000000000000e+01,2.500000000000000000e+02,1.518324607329842868e-01
2.400000000000000000e+01,1.000000000000000000e+03,5.000000000000000000e+02,5.000000000000000000e+01,4.000000000000000222e-01,4.000000000000000222e-01,3.000000000000000000e+01,2.500000000000000000e+02,9.239130434782605317e-02
1.400000000000000000e+01,1.000000000000000000e+03,5.000000000000000000e+02,5.000000000000000000e+01,2.000000000000000111e-01,4.000000000000000222e-01,4.000000000000000000e+01,2.500000000000000000e+02,1.518324607329842868e-01
4.000000000000000000e+00,1.000000000000000000e+03,5.000000000000000000e+02,5.000000000000000000e+01,2.000000000000000111e-01,1.000000000000000056e-01,3.000000000000000000e+01,2.500000000000000000e+02,7.999999999999996003e-02
2.400000000000000000e+01,1.000000000000000000e+03,5.000000000000000000e+02,5.000000000000000000e+01,4.000000000000000222e-01,4.000000000000000222e-01,4.000000000000000000e+01,2.500000000000000000e+02,9.239130434782605317e-02
4.000000000000000000e+00,1.000000000000000000e+03,5.000000000000000000e+02,5.000000000000000000e+01,2.000000000000000111e-01,1.000000000000000056e-01,4.000000000000000000e+01,2.500000000000000000e+02,7.999999999999996003e-02
1.400000000000000000e+01,1.000000000000000000e+03,5.000000000000000000e+02,5.000000000000000000e+01,2.000000000000000111e-01,4.000000000000000222e-01,6.000000000000000000e+01,2.500000000000000000e+02,1.780104712041884474e-01
1.400000000000000000e+01,1.000000000000000000e+03,5.000000000000000000e+02,5.000000000000000000e+01,2.000000000000000111e-01,4.000000000000000222e-01,2.000000000000000000e+01,5.000000000000000000e+02,1.361256544502618127e-01
1.400000000000000000e+01,1.000000000000000000e+03,5.000000000000000000e+02,5.000000000000000000e+01,2.000000000000000111e-01,4.000000000000000222e-01,3.000000000000000000e+01,5.000000000000000000e+02,1.256544502617801262e-01
1.400000000000000000e+01,1.000000000000000000e+03,5.000000000000000000e+02,5.000000000000000000e+01,2.000000000000000111e-01,4.000000000000000222e-01,4.000000000000000000e+01,5.000000000000000000e+02,1.256544502617801262e-01
2.400000000000000000e+01,1.000000000000000000e+03,5.000000000000000000e+02,5.000000000000000000e+01,4.000000000000000222e-01,4.000000000000000222e-01,6.000000000000000000e+01,2.500000000000000000e+02,9.782608695652172948e-02
1.400000000000000000e+01,1.000000000000000000e+03,5.000000000000000000e+02,5.000000000000000000e+01,2.000000000000000111e-01,4.000000000000000222e-01,6.000000000000000000e+01,5.000000000000000000e+02,1.570680628272251855e-01
1.400000000000000000e+01,1.000000000000000000e+03,5.000000000000000000e+02,5.000000000000000000e+01,4.000000000000000222e-01,1.000000000000000056e-01,2.000000000000000000e+01,2.500000000000000000e+02,1.800000000000000488e-01
1.400000000000000000e+01,1.000000000000000000e+03,5.000000000000000000e+02,5.000000000000000000e+01,4.000000000000000222e-01,1.000000000000000056e-01,3.000000000000000000e+01,2.500000000000000000e+02,1.800000000000000488e-01
1.400000000000000000e+01,1.000000000000000000e+03,5.000000000000000000e+02,5.000000000000000000e+01,4.000000000000000222e-01,1.000000000000000056e-01,4.000000000000000000e+01,2.500000000000000000e+02,1.999999999999999556e-01
2.400000000000000000e+01,1.000000000000000000e+03,5.000000000000000000e+02,5.000000000000000000e+01,4.000000000000000222e-01,4.000000000000000222e-01,2.000000000000000000e+01,5.000000000000000000e+02,1.141304347826086474e-01
1.400000000000000000e+01,1.000000000000000000e+03,5.000000000000000000e+02,5.000000000000000000e+01,4.000000000000000222e-01,1.000000000000000056e-01,6.000000000000000000e+01,2.500000000000000000e+02,1.999999999999999556e-01
2.400000000000000000e+01,1.000000000000000000e+03,5.000000000000000000e+02,5.000000000000000000e+01,4.000000000000000222e-01,4.000000000000000222e-01,3.000000000000000000e+01,5.000000000000000000e+02,1.141304347826086474e-01
1.400000000000000000e+01,1.000000000000000000e+03,5.000000000000000000e+02,5.000000000000000000e+01,4.000000000000000222e-01,1.000000000000000056e-01,2.000000000000000000e+01,5.000000000000000000e+02,1.800000000000000488e-01
1.400000000000000000e+01,1.000000000000000000e+03,5.000000000000000000e+02,5.000000000000000000e+01,4.000000000000000222e-01,1.000000000000000056e-01,3.000000000000000000e+01,5.000000000000000000e+02,1.800000000000000488e-01
4.000000000000000000e+00,1.000000000000000000e+03,5.000000000000000000e+02,5.000000000000000000e+01,2.000000000000000111e-01,1.000000000000000056e-01,6.000000000000000000e+01,2.500000000000000000e+02,7.999999999999996003e-02
2.400000000000000000e+01,1.000000000000000000e+03,5.000000000000000000e+02,5.000000000000000000e+01,4.000000000000000222e-01,4.000000000000000222e-01,4.000000000000000000e+01,5.000000000000000000e+02,1.141304347826086474e-01
1.400000000000000000e+01,1.000000000000000000e+03,5.000000000000000000e+02,5.000000000000000000e+01,4.000000000000000222e-01,1.000000000000000056e-01,4.000000000000000000e+01,5.000000000000000000e+02,1.800000000000000488e-01
1.400000000000000000e+01,1.000000000000000000e+03,5.000000000000000000e+02,5.000000000000000000e+01,4.000000000000000222e-01,1.000000000000000056e-01,6.000000000000000000e+01,5.000000000000000000e+02,1.800000000000000488e-01
4.000000000000000000e+00,1.000000000000000000e+03,5.000000000000000000e+02,5.000000000000000000e+01,2.000000000000000111e-01,1.000000000000000056e-01,2.000000000000000000e+01,5.000000000000000000e+02,7.999999999999996003e-02
2.400000000000000000e+01,1.000000000000000000e+03,5.000000000000000000e+02,5.000000000000000000e+01,4.000000000000000222e-01,4.000000000000000222e-01,6.000000000000000000e+01,5.000000000000000000e+02,9.782608695652172948e-02
2.500000000000000000e+01,1.000000000000000000e+03,5.000000000000000000e+02,5.000000000000000000e+01,1.000000000000000056e-01,1.000000000000000056e-01,2.000000000000000000e+01,2.500000000000000000e+02,2.765957446808510189e-01
2.500000000000000000e+01,1.000000000000000000e+03,5.000000000000000000e+02,5.000000000000000000e+01,1.000000000000000056e-01,1.000000000000000056e-01,3.000000000000000000e+01,2.500000000000000000e+02,1.489361702127659504e-01
4.000000000000000000e+00,1.000000000000000000e+03,5.000000000000000000e+02,5.000000000000000000e+01,2.000000000000000111e-01,1.000000000000000056e-01,3.000000000000000000e+01,5.000000000000000000e+02,7.999999999999996003e-02
2.500000000000000000e+01,1.000000000000000000e+03,5.000000000000000000e+02,5.000000000000000000e+01,1.000000000000000056e-01,1.000000000000000056e-01,4.000000000000000000e+01,2.500000000000000000e+02,3.617021276595744350e-01
2.500000000000000000e+01,1.000000000000000000e+03,5.000000000000000000e+02,5.000000000000000000e+01,1.000000000000000056e-01,1.000000000000000056e-01,6.000000000000000000e+01,2.500000000000000000e+02,1.702127659574468321e-01
4.000000000000000000e+00,1.000000000000000000e+03,5.000000000000000000e+02,5.000000000000000000e+01,2.000000000000000111e-01,1.000000000000000056e-01,4.000000000000000000e+01,5.000000000000000000e+02,9.999999999999997780e-02
2.500000000000000000e+01,1.000000000000000000e+03,5.000000000000000000e+02,5.000000000000000000e+01,1.000000000000000056e-01,1.000000000000000056e-01,2.000000000000000000e+01,5.000000000000000000e+02,2.127659574468084847e-01
2.500000000000000000e+01,1.000000000000000000e+03,5.000000000000000000e+02,5.000000000000000000e+01,1.000000000000000056e-01,1.000000000000000056e-01,3.000000000000000000e+01,5.000000000000000000e+02,1.702127659574468321e-01
2.500000000000000000e+01,1.000000000000000000e+03,5.000000000000000000e+02,5.000000000000000000e+01,1.000000000000000056e-01,1.000000000000000056e-01,4.000000000000000000e+01,5.000000000000000000e+02,1.702127659574468321e-01
2.500000000000000000e+01,1.000000000000000000e+03,5.000000000000000000e+02,5.000000000000000000e+01,1.000000000000000056e-01,1.000000000000000056e-01,6.000000000000000000e+01,5.000000000000000000e+02,1.914893617021277139e-01
1.400000000000000000e+01,1.000000000000000000e+03,5.000000000000000000e+02,5.000000000000000000e+01,4.000000000000000222e-01,2.000000000000000111e-01,2.000000000000000000e+01,2.500000000000000000e+02,6.060606060606055223e-02
2.500000000000000000e+01,1.000000000000000000e+03,5.000000000000000000e+02,5.000000000000000000e+01,1.000000000000000056e-01,2.000000000000000111e-01,2.000000000000000000e+01,2.500000000000000000e+02,2.020202020202019888e-01
2.500000000000000000e+01,1.000000000000000000e+03,5.000000000000000000e+02,5.000000000000000000e+01,1.000000000000000056e-01,2.000000000000000111e-01,3.000000000000000000e+01,2.500000000000000000e+02,1.717171717171717127e-01
2.500000000000000000e+01,1.000000000000000000e+03,5.000000000000000000e+02,5.000000000000000000e+01,1.000000000000000056e-01,2.000000000000000111e-01,4.000000000000000000e+01,2.500000000000000000e+02,2.020202020202019888e-01
4.000000000000000000e+00,1.000000000000000000e+03,5.000000000000000000e+02,5.000000000000000000e+01,2.000000000000000111e-01,1.000000000000000056e-01,6.000000000000000000e+01,5.000000000000000000e+02,9.999999999999997780e-02
2.500000000000000000e+01,1.000000000000000000e+03,5.000000000000000000e+02,5.000000000000000000e+01,1.000000000000000056e-01,2.000000000000000111e-01,6.000000000000000000e+01,2.500000000000000000e+02,2.222222222222222099e-01
2.500000000000000000e+01,1.000000000000000000e+03,5.000000000000000000e+02,5.000000000000000000e+01,1.000000000000000056e-01,2.000000000000000111e-01,2.000000000000000000e+01,5.000000000000000000e+02,2.525252525252524860e-01
4.000000000000000000e+00,1.000000000000000000e+03,5.000000000000000000e+02,5.000000000000000000e+01,2.000000000000000111e-01,2.000000000000000111e-01,2.000000000000000000e+01,2.500000000000000000e+02,1.326530612244898322e-01
2.500000000000000000e+01,1.000000000000000000e+03,5.000000000000000000e+02,5.000000000000000000e+01,1.000000000000000056e-01,2.000000000000000111e-01,3.000000000000000000e+01,5.000000000000000000e+02,2.929292929292929282e-01
2.500000000000000000e+01,1.000000000000000000e+03,5.000000000000000000e+02,5.000000000000000000e+01,1.000000000000000056e-01,2.000000000000000111e-01,4.000000000000000000e+01,5.000000000000000000e+02,3.232323232323232043e-01
1.400000000000000000e+01,1.000000000000000000e+03,5.000000000000000000e+02,5.000000000000000000e+01,4.000000000000000222e-01,2.000000000000000111e-01,3.000000000000000000e+01,2.500000000000000000e+02,6.060606060606055223e-02
4.000000000000000000e+00,1.000000000000000000e+03,5.000000000000000000e+02,5.000000000000000000e+01,2.000000000000000111e-01,2.000000000000000111e-01,3.000000000000000000e+01,2.500000000000000000e+02,1.632653061224489388e-01
2.500000000000000000e+01,1.000000000000000000e+03,5.000000000000000000e+02,5.000000000000000000e+01,1.000000000000000056e-01,2.000000000000000111e-01,6.000000000000000000e+01,5.000000000000000000e+02,1.616161616161616577e-01
4.000000000000000000e+00,1.000000000000000000e+03,5.000000000000000000e+02,5.000000000000000000e+01,2.000000000000000111e-01,2.000000000000000111e-01,4.000000000000000000e+01,2.500000000000000000e+02,1.836734693877550839e-01
4.000000000000000000e+00,1.000000000000000000e+03,5.000000000000000000e+02,5.000000000000000000e+01,2.000000000000000111e-01,2.000000000000000111e-01,6.000000000000000000e+01,2.500000000000000000e+02,1.938775510204081565e-01
1.400000000000000000e+01,1.000000000000000000e+03,5.000000000000000000e+02,5.000000000000000000e+01,4.000000000000000222e-01,2.000000000000000111e-01,4.000000000000000000e+01,2.500000000000000000e+02,6.060606060606055223e-02
4.000000000000000000e+00,1.000000000000000000e+03,5.000000000000000000e+02,5.000000000000000000e+01,2.000000000000000111e-01,2.000000000000000111e-01,2.000000000000000000e+01,5.000000000000000000e+02,1.122448979591836871e-01
4.000000000000000000e+00,1.000000000000000000e+03,5.000000000000000000e+02,5.000000000000000000e+01,2.000000000000000111e-01,2.000000000000000111e-01,3.000000000000000000e+01,5.000000000000000000e+02,1.326530612244898322e-01
4.000000000000000000e+00,1.000000000000000000e+03,5.000000000000000000e+02,5.000000000000000000e+01,2.000000000000000111e-01,2.000000000000000111e-01,4.000000000000000000e+01,5.000000000000000000e+02,1.530612244897958663e-01
4.000000000000000000e+00,1.000000000000000000e+03,5.000000000000000000e+02,5.000000000000000000e+01,2.000000000000000111e-01,2.000000000000000111e-01,6.000000000000000000e+01,5.000000000000000000e+02,1.530612244897958663e-01
1.400000000000000000e+01,1.000000000000000000e+03,5.000000000000000000e+02,5.000000000000000000e+01,4.000000000000000222e-01,2.000000000000000111e-01,6.000000000000000000e+01,2.500000000000000000e+02,6.060606060606055223e-02
1.400000000000000000e+01,1.000000000000000000e+03,5.000000000000000000e+02,5.000000000000000000e+01,4.000000000000000222e-01,2.000000000000000111e-01,2.000000000000000000e+01,5.000000000000000000e+02,7.070707070707071829e-02
1.400000000000000000e+01,1.000000000000000000e+03,5.000000000000000000e+02,5.000000000000000000e+01,4.000000000000000222e-01,2.000000000000000111e-01,3.000000000000000000e+01,5.000000000000000000e+02,7.070707070707071829e-02
1.400000000000000000e+01,1.000000000000000000e+03,5.000000000000000000e+02,5.000000000000000000e+01,4.000000000000000222e-01,2.000000000000000111e-01,4.000000000000000000e+01,5.000000000000000000e+02,7.070707070707071829e-02
1.400000000000000000e+01,1.000000000000000000e+03,5.000000000000000000e+02,5.000000000000000000e+01,4.000000000000000222e-01,2.000000000000000111e-01,6.000000000000000000e+01,5.000000000000000000e+02,7.070707070707071829e-02
2.500000000000000000e+01,1.000000000000000000e+03,5.000000000000000000e+02,5.000000000000000000e+01,1.000000000000000056e-01,4.000000000000000222e-01,2.000000000000000000e+01,2.500000000000000000e+02,1.977401129943502367e-01
4.000000000000000000e+00,1.000000000000000000e+03,5.000000000000000000e+02,5.000000000000000000e+01,2.000000000000000111e-01,4.000000000000000222e-01,2.000000000000000000e+01,2.500000000000000000e+02,1.345029239766082352e-01
2.500000000000000000e+01,1.000000000000000000e+03,5.000000000000000000e+02,5.000000000000000000e+01,1.000000000000000056e-01,4.000000000000000222e-01,3.000000000000000000e+01,2.500000000000000000e+02,2.090395480225988312e-01
4.000000000000000000e+00,1.000000000000000000e+03,5.000000000000000000e+02,5.000000000000000000e+01,2.000000000000000111e-01,4.000000000000000222e-01,3.000000000000000000e+01,2.500000000000000000e+02,1.461988304093567725e-01
1.400000000000000000e+01,1.000000000000000000e+03,5.000000000000000000e+02,5.000000000000000000e+01,4.000000000000000222e-01,4.000000000000000222e-01,2.000000000000000000e+01,2.500000000000000000e+02,5.102040816326525174e-02
2.500000000000000000e+01,1.000000000000000000e+03,5.000000000000000000e+02,5.000000000000000000e+01,1.000000000000000056e-01,4.000000000000000222e-01,4.000000000000000000e+01,2.500000000000000000e+02,2.203389830508474256e-01
4.000000000000000000e+00,1.000000000000000000e+03,5.000000000000000000e+02,5.000000000000000000e+01,2.000000000000000111e-01,4.000000000000000222e-01,4.000000000000000000e+01,2.500000000000000000e+02,1.286549707602339110e-01
1.400000000000000000e+01,1.000000000000000000e+03,5.000000000000000000e+02,5.000000000000000000e+01,4.000000000000000222e-01,4.000000000000000222e-01,3.000000000000000000e+01,2.500000000000000000e+02,5.102040816326525174e-02
1.400000000000000000e+01,1.000000000000000000e+03,5.000000000000000000e+02,5.000000000000000000e+01,4.000000000000000222e-01,4.000000000000000222e-01,4.000000000000000000e+01,2.500000000000000000e+02,5.102040816326525174e-02
2.500000000000000000e+01,1.000000000000000000e+03,5.000000000000000000e+02,5.000000000000000000e+01,1.000000000000000056e-01,4.000000000000000222e-01,6.000000000000000000e+01,2.500000000000000000e+02,2.429378531073446146e-01
4.000000000000000000e+00,1.000000000000000000e+03,5.000000000000000000e+02,5.000000000000000000e+01,2.000000000000000111e-01,4.000000000000000222e-01,6.000000000000000000e+01,2.500000000000000000e+02,1.578947368421053099e-01
2.500000000000000000e+01,1.000000000000000000e+03,5.000000000000000000e+02,5.000000000000000000e+01,1.000000000000000056e-01,4.000000000000000222e-01,2.000000000000000000e+01,5.000000000000000000e+02,2.259887005649717784e-01
2.500000000000000000e+01,1.000000000000000000e+03,5.000000000000000000e+02,5.000000000000000000e+01,1.000000000000000056e-01,4.000000000000000222e-01,3.000000000000000000e+01,5.000000000000000000e+02,2.485875706214689673e-01
2.500000000000000000e+01,1.000000000000000000e+03,5.000000000000000000e+02,5.000000000000000000e+01,1.000000000000000056e-01,4.000000000000000222e-01,4.000000000000000000e+01,5.000000000000000000e+02,1.638418079096045643e-01
4.000000000000000000e+00,1.000000000000000000e+03,5.000000000000000000e+02,5.000000000000000000e+01,2.000000000000000111e-01,4.000000000000000222e-01,2.000000000000000000e+01,5.000000000000000000e+02,1.111111111111111605e-01
4.000000000000000000e+00,1.000000000000000000e+03,5.000000000000000000e+02,5.000000000000000000e+01,2.000000000000000111e-01,4.000000000000000222e-01,3.000000000000000000e+01,5.000000000000000000e+02,1.169590643274853736e-01
2.500000000000000000e+01,1.000000000000000000e+03,5.000000000000000000e+02,5.000000000000000000e+01,1.000000000000000056e-01,4.000000000000000222e-01,6.000000000000000000e+01,5.000000000000000000e+02,1.694915254237288060e-01
4.000000000000000000e+00,1.000000000000000000e+03,5.000000000000000000e+02,5.000000000000000000e+01,2.000000000000000111e-01,4.000000000000000222e-01,4.000000000000000000e+01,5.000000000000000000e+02,1.286549707602339110e-01
2.500000000000000000e+01,1.000000000000000000e+03,5.000000000000000000e+02,5.000000000000000000e+01,2.000000000000000111e-01,1.000000000000000056e-01,2.000000000000000000e+01,2.500000000000000000e+02,2.000000000000001776e-02
1.400000000000000000e+01,1.000000000000000000e+03,5.000000000000000000e+02,5.000000000000000000e+01,4.000000000000000222e-01,4.000000000000000222e-01,6.000000000000000000e+01,2.500000000000000000e+02,4.081632653061229021e-02
2.500000000000000000e+01,1.000000000000000000e+03,5.000000000000000000e+02,5.000000000000000000e+01,2.000000000000000111e-01,1.000000000000000056e-01,3.000000000000000000e+01,2.500000000000000000e+02,2.000000000000001776e-02
4.000000000000000000e+00,1.000000000000000000e+03,5.000000000000000000e+02,5.000000000000000000e+01,2.000000000000000111e-01,4.000000000000000222e-01,6.000000000000000000e+01,5.000000000000000000e+02,1.169590643274853736e-01
2.500000000000000000e+01,1.000000000000000000e+03,5.000000000000000000e+02,5.000000000000000000e+01,2.000000000000000111e-01,1.000000000000000056e-01,4.000000000000000000e+01,2.500000000000000000e+02,2.000000000000001776e-02
4.000000000000000000e+00,1.000000000000000000e+03,5.000000000000000000e+02,5.000000000000000000e+01,4.000000000000000222e-01,1.000000000000000056e-01,2.000000000000000000e+01,2.500000000000000000e+02,1.199999999999999956e-01
4.000000000000000000e+00,1.000000000000000000e+03,5.000000000000000000e+02,5.000000000000000000e+01,4.000000000000000222e-01,1.000000000000000056e-01,3.000000000000000000e+01,2.500000000000000000e+02,1.199999999999999956e-01
4.000000000000000000e+00,1.000000000000000000e+03,5.000000000000000000e+02,5.000000000000000000e+01,4.000000000000000222e-01,1.000000000000000056e-01,4.000000000000000000e+01,2.500000000000000000e+02,1.199999999999999956e-01
2.500000000000000000e+01,1.000000000000000000e+03,5.000000000000000000e+02,5.000000000000000000e+01,2.000000000000000111e-01,1.000000000000000056e-01,6.000000000000000000e+01,2.500000000000000000e+02,2.000000000000001776e-02
1.400000000000000000e+01,1.000000000000000000e+03,5.000000000000000000e+02,5.000000000000000000e+01,4.000000000000000222e-01,4.000000000000000222e-01,2.000000000000000000e+01,5.000000000000000000e+02,5.612244897959184353e-02
4.000000000000000000e+00,1.000000000000000000e+03,5.000000000000000000e+02,5.000000000000000000e+01,4.000000000000000222e-01,1.000000000000000056e-01,6.000000000000000000e+01,2.500000000000000000e+02,1.199999999999999956e-01
4.000000000000000000e+00,1.000000000000000000e+03,5.000000000000000000e+02,5.000000000000000000e+01,4.000000000000000222e-01,1.000000000000000056e-01,2.000000000000000000e+01,5.000000000000000000e+02,9.999999999999997780e-02
4.000000000000000000e+00,1.000000000000000000e+03,5.000000000000000000e+02,5.000000000000000000e+01,4.000000000000000222e-01,1.000000000000000056e-01,3.000000000000000000e+01,5.000000000000000000e+02,9.999999999999997780e-02
2.500000000000000000e+01,1.000000000000000000e+03,5.000000000000000000e+02,5.000000000000000000e+01,2.000000000000000111e-01,1.000000000000000056e-01,2.000000000000000000e+01,5.000000000000000000e+02,2.000000000000001776e-02
4.000000000000000000e+00,1.000000000000000000e+03,5.000000000000000000e+02,5.000000000000000000e+01,4.000000000000000222e-01,1.000000000000000056e-01,4.000000000000000000e+01,5.000000000000000000e+02,9.999999999999997780e-02
2.500000000000000000e+01,1.000000000000000000e+03,5.000000000000000000e+02,5.000000000000000000e+01,2.000000000000000111e-01,1.000000000000000056e-01,3.000000000000000000e+01,5.000000000000000000e+02,2.000000000000001776e-02
4.000000000000000000e+00,1.000000000000000000e+03,5.000000000000000000e+02,5.000000000000000000e+01,4.000000000000000222e-01,1.000000000000000056e-01,6.000000000000000000e+01,5.000000000000000000e+02,9.999999999999997780e-02
1.400000000000000000e+01,1.000000000000000000e+03,5.000000000000000000e+02,5.000000000000000000e+01,4.000000000000000222e-01,4.000000000000000222e-01,3.000000000000000000e+01,5.000000000000000000e+02,5.612244897959184353e-02
2.500000000000000000e+01,1.000000000000000000e+03,5.000000000000000000e+02,5.000000000000000000e+01,2.000000000000000111e-01,1.000000000000000056e-01,4.000000000000000000e+01,5.000000000000000000e+02,4.000000000000003553e-02
4.000000000000000000e+00,1.000000000000000000e+03,5.000000000000000000e+02,5.000000000000000000e+01,4.000000000000000222e-01,2.000000000000000111e-01,2.000000000000000000e+01,2.500000000000000000e+02,6.122448979591832430e-02
2.500000000000000000e+01,1.000000000000000000e+03,5.000000000000000000e+02,5.000000000000000000e+01,2.000000000000000111e-01,1.000000000000000056e-01,6.000000000000000000e+01,5.000000000000000000e+02,4.000000000000003553e-02
4.000000000000000000e+00,1.000000000000000000e+03,5.000000000000000000e+02,5.000000000000000000e+01,4.000000000000000222e-01,2.000000000000000111e-01,3.000000000000000000e+01,2.500000000000000000e+02,6.122448979591832430e-02
1.400000000000000000e+01,1.000000000000000000e+03,5.000000000000000000e+02,5.000000000000000000e+01,4.000000000000000222e-01,4.000000000000000222e-01,4.000000000000000000e+01,5.000000000000000000e+02,5.612244897959184353e-02
2.500000000000000000e+01,1.000000000000000000e+03,5.000000000000000000e+02,5.000000000000000000e+01,2.000000000000000111e-01,2.000000000000000111e-01,2.000000000000000000e+01,2.500000000000000000e+02,1.020408163265306145e-01
2.500000000000000000e+01,1.000000000000000000e+03,5.000000000000000000e+02,5.000000000000000000e+01,2.000000000000000111e-01,2.000000000000000111e-01,3.000000000000000000e+01,2.500000000000000000e+02,1.122448979591836871e-01
4.000000000000000000e+00,1.000000000000000000e+03,5.000000000000000000e+02,5.000000000000000000e+01,4.000000000000000222e-01,2.000000000000000111e-01,4.000000000000000000e+01,2.500000000000000000e+02,6.122448979591832430e-02
2.500000000000000000e+01,1.000000000000000000e+03,5.000000000000000000e+02,5.000000000000000000e+01,2.000000000000000111e-01,2.000000000000000111e-01,4.000000000000000000e+01,2.500000000000000000e+02,1.326530612244898322e-01
2.500000000000000000e+01,1.000000000000000000e+03,5.000000000000000000e+02,5.000000000000000000e+01,2.000000000000000111e-01,2.000000000000000111e-01,6.000000000000000000e+01,2.500000000000000000e+02,1.326530612244898322e-01
2.500000000000000000e+01,1.000000000000000000e+03,5.000000000000000000e+02,5.000000000000000000e+01,2.000000000000000111e-01,2.000000000000000111e-01,2.000000000000000000e+01,5.000000000000000000e+02,7.142857142857139685e-02
4.000000000000000000e+00,1.000000000000000000e+03,5.000000000000000000e+02,5.000000000000000000e+01,4.000000000000000222e-01,2.000000000000000111e-01,6.000000000000000000e+01,2.500000000000000000e+02,6.122448979591832430e-02
2.500000000000000000e+01,1.000000000000000000e+03,5.000000000000000000e+02,5.000000000000000000e+01,2.000000000000000111e-01,2.000000000000000111e-01,3.000000000000000000e+01,5.000000000000000000e+02,9.183673469387754196e-02
2.500000000000000000e+01,1.000000000000000000e+03,5.000000000000000000e+02,5.000000000000000000e+01,2.000000000000000111e-01,2.000000000000000111e-01,4.000000000000000000e+01,5.000000000000000000e+02,9.183673469387754196e-02
4.000000000000000000e+00,1.000000000000000000e+03,5.000000000000000000e+02,5.000000000000000000e+01,4.000000000000000222e-01,2.000000000000000111e-01,2.000000000000000000e+01,5.000000000000000000e+02,6.122448979591832430e-02
4.000000000000000000e+00,1.000000000000000000e+03,5.000000000000000000e+02,5.000000000000000000e+01,4.000000000000000222e-01,2.000000000000000111e-01,3.000000000000000000e+01,5.000000000000000000e+02,8.163265306122446940e-02
2.500000000000000000e+01,1.000000000000000000e+03,5.000000000000000000e+02,5.000000000000000000e+01,2.000000000000000111e-01,2.000000000000000111e-01,6.000000000000000000e+01,5.000000000000000000e+02,9.183673469387754196e-02
4.000000000000000000e+00,1.000000000000000000e+03,5.000000000000000000e+02,5.000000000000000000e+01,4.000000000000000222e-01,2.000000000000000111e-01,4.000000000000000000e+01,5.000000000000000000e+02,8.163265306122446940e-02
1.400000000000000000e+01,1.000000000000000000e+03,5.000000000000000000e+02,5.000000000000000000e+01,4.000000000000000222e-01,4.000000000000000222e-01,6.000000000000000000e+01,5.000000000000000000e+02,6.632653061224491609e-02
4.000000000000000000e+00,1.000000000000000000e+03,5.000000000000000000e+02,5.000000000000000000e+01,4.000000000000000222e-01,2.000000000000000111e-01,6.000000000000000000e+01,5.000000000000000000e+02,8.163265306122446940e-02
2.500000000000000000e+01,1.000000000000000000e+03,5.000000000000000000e+02,5.000000000000000000e+01,2.000000000000000111e-01,4.000000000000000222e-01,2.000000000000000000e+01,2.500000000000000000e+02,1.808510638297872175e-01
4.000000000000000000e+00,1.000000000000000000e+03,5.000000000000000000e+02,5.000000000000000000e+01,4.000000000000000222e-01,4.000000000000000222e-01,2.000000000000000000e+01,2.500000000000000000e+02,5.699481865284972137e-02
1.500000000000000000e+01,1.000000000000000000e+03,5.000000000000000000e+02,5.000000000000000000e+01,1.000000000000000056e-01,1.000000000000000056e-01,2.000000000000000000e+01,2.500000000000000000e+02,8.888888888888890616e-02
2.500000000000000000e+01,1.000000000000000000e+03,5.000000000000000000e+02,5.000000000000000000e+01,2.000000000000000111e-01,4.000000000000000222e-01,3.000000000000000000e+01,2.500000000000000000e+02,1.861702127659574657e-01
4.000000000000000000e+00,1.000000000000000000e+03,5.000000000000000000e+02,5.000000000000000000e+01,4.000000000000000222e-01,4.000000000000000222e-01,3.000000000000000000e+01,2.500000000000000000e+02,6.217616580310880714e-02
2.500000000000000000e+01,1.000000000000000000e+03,5.000000000000000000e+02,5.000000000000000000e+01,2.000000000000000111e-01,4.000000000000000222e-01,4.000000000000000000e+01,2.500000000000000000e+02,2.021276595744680993e-01
1.500000000000000000e+01,1.000000000000000000e+03,5.000000000000000000e+02,5.000000000000000000e+01,1.000000000000000056e-01,1.000000000000000056e-01,3.000000000000000000e+01,2.500000000000000000e+02,1.111111111111111605e-01
4.000000000000000000e+00,1.000000000000000000e+03,5.000000000000000000e+02,5.000000000000000000e+01,4.000000000000000222e-01,4.000000000000000222e-01,4.000000000000000000e+01,2.500000000000000000e+02,6.217616580310880714e-02
1.500000000000000000e+01,1.000000000000000000e+03,5.000000000000000000e+02,5.000000000000000000e+01,1.000000000000000056e-01,1.000000000000000056e-01,4.000000000000000000e+01,2.500000000000000000e+02,1.111111111111111605e-01
2.500000000000000000e+01,1.000000000000000000e+03,5.000000000000000000e+02,5.000000000000000000e+01,2.000000000000000111e-01,4.000000000000000222e-01,6.000000000000000000e+01,2.500000000000000000e+02,1.914893617021277139e-01
2.500000000000000000e+01,1.000000000000000000e+03,5.000000000000000000e+02,5.000000000000000000e+01,2.000000000000000111e-01,4.000000000000000222e-01,2.000000000000000000e+01,5.000000000000000000e+02,1.861702127659574657e-01
2.500000000000000000e+01,1.000000000000000000e+03,5.000000000000000000e+02,5.000000000000000000e+01,2.000000000000000111e-01,4.000000000000000222e-01,3.000000000000000000e+01,5.000000000000000000e+02,2.074468085106383475e-01
2.500000000000000000e+01,1.000000000000000000e+03,5.000000000000000000e+02,5.000000000000000000e+01,2.000000000000000111e-01,4.000000000000000222e-01,4.000000000000000000e+01,5.000000000000000000e+02,2.074468085106383475e-01
4.000000000000000000e+00,1.000000000000000000e+03,5.000000000000000000e+02,5.000000000000000000e+01,4.000000000000000222e-01,4.000000000000000222e-01,6.000000000000000000e+01,2.500000000000000000e+02,7.772020725388606444e-02
2.500000000000000000e+01,1.000000000000000000e+03,5.000000000000000000e+02,5.000000000000000000e+01,2.000000000000000111e-01,4.000000000000000222e-01,6.000000000000000000e+01,5.000000000000000000e+02,2.180851063829787329e-01
2.500000000000000000e+01,1.000000000000000000e+03,5.000000000000000000e+02,5.000000000000000000e+01,4.000000000000000222e-01,1.000000000000000056e-01,2.000000000000000000e+01,2.500000000000000000e+02,9.999999999999997780e-02
4.000000000000000000e+00,1.000000000000000000e+03,5.000000000000000000e+02,5.000000000000000000e+01,4.000000000000000222e-01,4.000000000000000222e-01,2.000000000000000000e+01,5.000000000000000000e+02,4.663212435233166087e-02
2.500000000000000000e+01,1.000000000000000000e+03,5.000000000000000000e+02,5.000000000000000000e+01,4.000000000000000222e-01,1.000000000000000056e-01,3.000000000000000000e+01,2.500000000000000000e+02,9.999999999999997780e-02
1.500000000000000000e+01,1.000000000000000000e+03,5.000000000000000000e+02,5.000000000000000000e+01,1.000000000000000056e-01,1.000000000000000056e-01,6.000000000000000000e+01,2.500000000000000000e+02,1.333333333333333037e-01
2.500000000000000000e+01,1.000000000000000000e+03,5.000000000000000000e+02,5.000000000000000000e+01,4.000000000000000222e-01,1.000000000000000056e-01,4.000000000000000000e+01,2.500000000000000000e+02,1.199999999999999956e-01
4.000000000000000000e+00,1.000000000000000000e+03,5.000000000000000000e+02,5.000000000000000000e+01,4.000000000000000222e-01,4.000000000000000222e-01,3.000000000000000000e+01,5.000000000000000000e+02,5.181347150259063561e-02
1.500000000000000000e+01,1.000000000000000000e+03,5.000000000000000000e+02,5.000000000000000000e+01,1.000000000000000056e-01,1.000000000000000056e-01,2.000000000000000000e+01,5.000000000000000000e+02,6.666666666666665186e-02
1.500000000000000000e+01,1.000000000000000000e+03,5.000000000000000000e+02,5.000000000000000000e+01,1.000000000000000056e-01,1.000000000000000056e-01,3.000000000000000000e+01,5.000000000000000000e+02,6.666666666666665186e-02
2.500000000000000000e+01,1.000000000000000000e+03,5.000000000000000000e+02,5.000000000000000000e+01,4.000000000000000222e-01,1.000000000000000056e-01,6.000000000000000000e+01,2.500000000000000000e+02,1.199999999999999956e-01
4.000000000000000000e+00,1.000000000000000000e+03,5.000000000000000000e+02,5.000000000000000000e+01,4.000000000000000222e-01,4.000000000000000222e-01,4.000000000000000000e+01,5.000000000000000000e+02,5.181347150259063561e-02
1.500000000000000000e+01,1.000000000000000000e+03,5.000000000000000000e+02,5.000000000000000000e+01,1.000000000000000056e-01,1.000000000000000056e-01,4.000000000000000000e+01,5.000000000000000000e+02,8.888888888888890616e-02
2.500000000000000000e+01,1.000000000000000000e+03,5.000000000000000000e+02,5.000000000000000000e+01,4.000000000000000222e-01,1.000000000000000056e-01,2.000000000000000000e+01,5.000000000000000000e+02,9.999999999999997780e-02
2.500000000000000000e+01,1.000000000000000000e+03,5.000000000000000000e+02,5.000000000000000000e+01,4.000000000000000222e-01,1.000000000000000056e-01,3.000000000000000000e+01,5.000000000000000000e+02,9.999999999999997780e-02
1.500000000000000000e+01,1.000000000000000000e+03,5.000000000000000000e+02,5.000000000000000000e+01,1.000000000000000056e-01,1.000000000000000056e-01,6.000000000000000000e+01,5.000000000000000000e+02,1.333333333333333037e-01
2.500000000000000000e+01,1.000000000000000000e+03,5.000000000000000000e+02,5.000000000000000000e+01,4.000000000000000222e-01,1.000000000000000056e-01,4.000000000000000000e+01,5.000000000000000000e+02,9.999999999999997780e-02
2.500000000000000000e+01,1.000000000000000000e+03,5.000000000000000000e+02,5.000000000000000000e+01,4.000000000000000222e-01,1.000000000000000056e-01,6.000000000000000000e+01,5.000000000000000000e+02,9.999999999999997780e-02
4.000000000000000000e+00,1.000000000000000000e+03,5.000000000000000000e+02,5.000000000000000000e+01,4.000000000000000222e-01,4.000000000000000222e-01,6.000000000000000000e+01,5.000000000000000000e+02,5.181347150259063561e-02
1.500000000000000000e+01,1.000000000000000000e+03,5.000000000000000000e+02,5.000000000000000000e+01,1.000000000000000056e-01,2.000000000000000111e-01,2.000000000000000000e+01,2.500000000000000000e+02,1.458333333333333703e-01
5.000000000000000000e+00,1.000000000000000000e+03,5.000000000000000000e+02,5.000000000000000000e+01,1.000000000000000056e-01,1.000000000000000056e-01,2.000000000000000000e+01,2.500000000000000000e+02,1.739130434782608647e-01
1.500000000000000000e+01,1.000000000000000000e+03,5.000000000000000000e+02,5.000000000000000000e+01,1.000000000000000056e-01,2.000000000000000111e-01,3.000000000000000000e+01,2.500000000000000000e+02,1.666666666666666297e-01
5.000000000000000000e+00,1.000000000000000000e+03,5.000000000000000000e+02,5.000000000000000000e+01,1.000000000000000056e-01,1.000000000000000056e-01,3.000000000000000000e+01,2.500000000000000000e+02,1.521739130434782705e-01
1.500000000000000000e+01,1.000000000000000000e+03,5.000000000000000000e+02,5.000000000000000000e+01,1.000000000000000056e-01,2.000000000000000111e-01,4.000000000000000000e+01,2.500000000000000000e+02,2.083333333333333703e-01
5.000000000000000000e+00,1.000000000000000000e+03,5.000000000000000000e+02,5.000000000000000000e+01,1.000000000000000056e-01,1.000000000000000056e-01,4.000000000000000000e+01,2.500000000000000000e+02,2.608695652173913526e-01
5.000000000000000000e+00,1.000000000000000000e+03,5.000000000000000000e+02,5.000000000000000000e+01,1.000000000000000056e-01,1.000000000000000056e-01,6.000000000000000000e+01,2.500000000000000000e+02,3.043478260869565410e-01
1.500000000000000000e+01,1.000000000000000000e+03,5.000000000000000000e+02,5.000000000000000000e+01,1.000000000000000056e-01,2.000000000000000111e-01,6.000000000000000000e+01,2.500000000000000000e+02,1.354166666666666297e-01
5.000000000000000000e+00,1.000000000000000000e+03,5.000000000000000000e+02,5.000000000000000000e+01,1.000000000000000056e-01,1.000000000000000056e-01,2.000000000000000000e+01,5.000000000000000000e+02,2.173913043478260532e-01
2.500000000000000000e+01,1.000000000000000000e+03,5.000000000000000000e+02,5.000000000000000000e+01,4.000000000000000222e-01,2.000000000000000111e-01,2.000000000000000000e+01,2.500000000000000000e+02,5.102040816326525174e-02
5.000000000000000000e+00,1.000000000000000000e+03,5.000000000000000000e+02,5.000000000000000000e+01,1.000000000000000056e-01,1.000000000000000056e-01,3.000000000000000000e+01,5.000000000000000000e+02,2.391304347826086474e-01
1.500000000000000000e+01,1.000000000000000000e+03,5.000000000000000000e+02,5.000000000000000000e+01,1.000000000000000056e-01,2.000000000000000111e-01,2.000000000000000000e+01,5.000000000000000000e+02,1.250000000000000000e-01
5.000000000000000000e+00,1.000000000000000000e+03,5.000000000000000000e+02,5.000000000000000000e+01,1.000000000000000056e-01,1.000000000000000056e-01,4.000000000000000000e+01,5.000000000000000000e+02,3.043478260869565410e-01
1.500000000000000000e+01,1.000000000000000000e+03,5.000000000000000000e+02,5.000000000000000000e+01,1.000000000000000056e-01,2.000000000000000111e-01,3.000000000000000000e+01,5.000000000000000000e+02,1.458333333333333703e-01
5.000000000000000000e+00,1.000000000000000000e+03,5.000000000000000000e+02,5.000000000000000000e+01,1.000000000000000056e-01,1.000000000000000056e-01,6.000000000000000000e+01,5.000000000000000000e+02,3.043478260869565410e-01
1.500000000000000000e+01,1.000000000000000000e+03,5.000000000000000000e+02,5.000000000000000000e+01,1.000000000000000056e-01,2.000000000000000111e-01,4.000000000000000000e+01,5.000000000000000000e+02,1.875000000000000000e-01
1.500000000000000000e+01,1.000000000000000000e+03,5.000000000000000000e+02,5.000000000000000000e+01,1.000000000000000056e-01,2.000000000000000111e-01,6.000000000000000000e+01,5.000000000000000000e+02,1.875000000000000000e-01
2.500000000000000000e+01,1.000000000000000000e+03,5.000000000000000000e+02,5.000000000000000000e+01,4.000000000000000222e-01,2.000000000000000111e-01,3.000000000000000000e+01,2.500000000000000000e+02,5.102040816326525174e-02
1.500000000000000000e+01,1.000000000000000000e+03,5.000000000000000000e+02,5.000000000000000000e+01,1.000000000000000056e-01,4.000000000000000222e-01,2.000000000000000000e+01,2.500000000000000000e+02,1.857923497267759405e-01
1.500000000000000000e+01,1.000000000000000000e+03,5.000000000000000000e+02,5.000000000000000000e+01,1.000000000000000056e-01,4.000000000000000222e-01,3.000000000000000000e+01,2.500000000000000000e+02,1.366120218579235379e-01
1.500000000000000000e+01,1.000000000000000000e+03,5.000000000000000000e+02,5.000000000000000000e+01,1.000000000000000056e-01,4.000000000000000222e-01,4.000000000000000000e+01,2.500000000000000000e+02,1.202185792349727000e-01
1.500000000000000000e+01,1.000000000000000000e+03,5.000000000000000000e+02,5.000000000000000000e+01,1.000000000000000056e-01,4.000000000000000222e-01,6.000000000000000000e+01,2.500000000000000000e+02,1.256830601092896460e-01
1.500000000000000000e+01,1.000000000000000000e+03,5.000000000000000000e+02,5.000000000000000000e+01,1.000000000000000056e-01,4.000000000000000222e-01,2.000000000000000000e+01,5.000000000000000000e+02,1.202185792349727000e-01
2.500000000000000000e+01,1.000000000000000000e+03,5.000000000000000000e+02,5.000000000000000000e+01,4.000000000000000222e-01,2.000000000000000111e-01,4.000000000000000000e+01,2.500000000000000000e+02,5.102040816326525174e-02
1.500000000000000000e+01,1.000000000000000000e+03,5.000000000000000000e+02,5.000000000000000000e+01,1.000000000000000056e-01,4.000000000000000222e-01,3.000000000000000000e+01,5.000000000000000000e+02,1.092896174863388081e-01
1.500000000000000000e+01,1.000000000000000000e+03,5.000000000000000000e+02,5.000000000000000000e+01,1.000000000000000056e-01,4.000000000000000222e-01,4.000000000000000000e+01,5.000000000000000000e+02,1.092896174863388081e-01
1.500000000000000000e+01,1.000000000000000000e+03,5.000000000000000000e+02,5.000000000000000000e+01,1.000000000000000056e-01,4.000000000000000222e-01,6.000000000000000000e+01,5.000000000000000000e+02,2.240437158469945622e-01
1.500000000000000000e+01,1.000000000000000000e+03,5.000000000000000000e+02,5.000000000000000000e+01,2.000000000000000111e-01,1.000000000000000056e-01,2.000000000000000000e+01,2.500000000000000000e+02,2.244897959183673741e-01
1.500000000000000000e+01,1.000000000000000000e+03,5.000000000000000000e+02,5.000000000000000000e+01,2.000000000000000111e-01,1.000000000000000056e-01,3.000000000000000000e+01,2.500000000000000000e+02,2.448979591836735192e-01
1.500000000000000000e+01,1.000000000000000000e+03,5.000000000000000000e+02,5.000000000000000000e+01,2.000000000000000111e-01,1.000000000000000056e-01,4.000000000000000000e+01,2.500000000000000000e+02,2.653061224489795533e-01
1.500000000000000000e+01,1.000000000000000000e+03,5.000000000000000000e+02,5.000000000000000000e+01,2.000000000000000111e-01,1.000000000000000056e-01,6.000000000000000000e+01,2.500000000000000000e+02,2.244897959183673741e-01
1.500000000000000000e+01,1.000000000000000000e+03,5.000000000000000000e+02,5.000000000000000000e+01,2.000000000000000111e-01,1.000000000000000056e-01,2.000000000000000000e+01,5.000000000000000000e+02,2.040816326530612290e-01
1.500000000000000000e+01,1.000000000000000000e+03,5.000000000000000000e+02,5.000000000000000000e+01,2.000000000000000111e-01,1.000000000000000056e-01,3.000000000000000000e+01,5.000000000000000000e+02,2.040816326530612290e-01
1.500000000000000000e+01,1.000000000000000000e+03,5.000000000000000000e+02,5.000000000000000000e+01,2.000000000000000111e-01,1.000000000000000056e-01,4.000000000000000000e+01,5.000000000000000000e+02,2.244897959183673741e-01
1.500000000000000000e+01,1.000000000000000000e+03,5.000000000000000000e+02,5.000000000000000000e+01,2.000000000000000111e-01,1.000000000000000056e-01,6.000000000000000000e+01,5.000000000000000000e+02,2.653061224489795533e-01
1.500000000000000000e+01,1.000000000000000000e+03,5.000000000000000000e+02,5.000000000000000000e+01,2.000000000000000111e-01,2.000000000000000111e-01,2.000000000000000000e+01,2.500000000000000000e+02,9.782608695652172948e-02
1.500000000000000000e+01,1.000000000000000000e+03,5.000000000000000000e+02,5.000000000000000000e+01,2.000000000000000111e-01,2.000000000000000111e-01,3.000000000000000000e+01,2.500000000000000000e+02,1.086956521739130821e-01
1.500000000000000000e+01,1.000000000000000000e+03,5.000000000000000000e+02,5.000000000000000000e+01,2.000000000000000111e-01,2.000000000000000111e-01,4.000000000000000000e+01,2.500000000000000000e+02,1.086956521739130821e-01
5.000000000000000000e+00,1.000000000000000000e+03,5.000000000000000000e+02,5.000000000000000000e+01,1.000000000000000056e-01,2.000000000000000111e-01,2.000000000000000000e+01,2.500000000000000000e+02,9.523809523809523281e-02
2.500000000000000000e+01,1.000000000000000000e+03,5.000000000000000000e+02,5.000000000000000000e+01,4.000000000000000222e-01,2.000000000000000111e-01,6.000000000000000000e+01,2.500000000000000000e+02,5.102040816326525174e-02
1.500000000000000000e+01,1.000000000000000000e+03,5.000000000000000000e+02,5.000000000000000000e+01,2.000000000000000111e-01,2.000000000000000111e-01,6.000000000000000000e+01,2.500000000000000000e+02,7.608695652173913526e-02
1.500000000000000000e+01,1.000000000000000000e+03,5.000000000000000000e+02,5.000000000000000000e+01,2.000000000000000111e-01,2.000000000000000111e-01,2.000000000000000000e+01,5.000000000000000000e+02,1.086956521739130821e-01
1.500000000000000000e+01,1.000000000000000000e+03,5.000000000000000000e+02,5.000000000000000000e+01,2.000000000000000111e-01,2.000000000000000111e-01,3.000000000000000000e+01,5.000000000000000000e+02,1.195652173913043237e-01
2.500000000000000000e+01,1.000000000000000000e+03,5.000000000000000000e+02,5.000000000000000000e+01,4.000000000000000222e-01,2.000000000000000111e-01,2.000000000000000000e+01,5.000000000000000000e+02,5.102040816326525174e-02
1.500000000000000000e+01,1.000000000000000000e+03,5.000000000000000000e+02,5.000000000000000000e+01,2.000000000000000111e-01,2.000000000000000111e-01,4.000000000000000000e+01,5.000000000000000000e+02,1.195652173913043237e-01
2.500000000000000000e+01,1.000000000000000000e+03,5.000000000000000000e+02,5.000000000000000000e+01,4.000000000000000222e-01,2.000000000000000111e-01,3.000000000000000000e+01,5.000000000000000000e+02,5.102040816326525174e-02
1.500000000000000000e+01,1.000000000000000000e+03,5.000000000000000000e+02,5.000000000000000000e+01,2.000000000000000111e-01,2.000000000000000111e-01,6.000000000000000000e+01,5.000000000000000000e+02,1.195652173913043237e-01
2.500000000000000000e+01,1.000000000000000000e+03,5.000000000000000000e+02,5.000000000000000000e+01,4.000000000000000222e-01,2.000000000000000111e-01,4.000000000000000000e+01,5.000000000000000000e+02,6.122448979591832430e-02
1.500000000000000000e+01,1.000000000000000000e+03,5.000000000000000000e+02,5.000000000000000000e+01,2.000000000000000111e-01,4.000000000000000222e-01,2.000000000000000000e+01,2.500000000000000000e+02,9.183673469387754196e-02
5.000000000000000000e+00,1.000000000000000000e+03,5.000000000000000000e+02,5.000000000000000000e+01,1.000000000000000056e-01,2.000000000000000111e-01,3.000000000000000000e+01,2.500000000000000000e+02,9.523809523809523281e-02
1.500000000000000000e+01,1.000000000000000000e+03,5.000000000000000000e+02,5.000000000000000000e+01,2.000000000000000111e-01,4.000000000000000222e-01,3.000000000000000000e+01,2.500000000000000000e+02,9.183673469387754196e-02
2.500000000000000000e+01,1.000000000000000000e+03,5.000000000000000000e+02,5.000000000000000000e+01,4.000000000000000222e-01,2.000000000000000111e-01,6.000000000000000000e+01,5.000000000000000000e+02,6.122448979591832430e-02
1.500000000000000000e+01,1.000000000000000000e+03,5.000000000000000000e+02,5.000000000000000000e+01,2.000000000000000111e-01,4.000000000000000222e-01,4.000000000000000000e+01,2.500000000000000000e+02,8.163265306122446940e-02
1.500000000000000000e+01,1.000000000000000000e+03,5.000000000000000000e+02,5.000000000000000000e+01,2.000000000000000111e-01,4.000000000000000222e-01,6.000000000000000000e+01,2.500000000000000000e+02,8.163265306122446940e-02
1.500000000000000000e+01,1.000000000000000000e+03,5.000000000000000000e+02,5.000000000000000000e+01,2.000000000000000111e-01,4.000000000000000222e-01,2.000000000000000000e+01,5.000000000000000000e+02,1.326530612244898322e-01
1.500000000000000000e+01,1.000000000000000000e+03,5.000000000000000000e+02,5.000000000000000000e+01,2.000000000000000111e-01,4.000000000000000222e-01,3.000000000000000000e+01,5.000000000000000000e+02,1.632653061224489388e-01
1.500000000000000000e+01,1.000000000000000000e+03,5.000000000000000000e+02,5.000000000000000000e+01,2.000000000000000111e-01,4.000000000000000222e-01,4.000000000000000000e+01,5.000000000000000000e+02,1.530612244897958663e-01
1.500000000000000000e+01,1.000000000000000000e+03,5.000000000000000000e+02,5.000000000000000000e+01,2.000000000000000111e-01,4.000000000000000222e-01,6.000000000000000000e+01,5.000000000000000000e+02,1.428571428571429047e-01
5.000000000000000000e+00,1.000000000000000000e+03,5.000000000000000000e+02,5.000000000000000000e+01,1.000000000000000056e-01,2.000000000000000111e-01,4.000000000000000000e+01,2.500000000000000000e+02,1.071428571428570953e-01
1.500000000000000000e+01,1.000000000000000000e+03,5.000000000000000000e+02,5.000000000000000000e+01,4.000000000000000222e-01,1.000000000000000056e-01,2.000000000000000000e+01,2.500000000000000000e+02,8.163265306122446940e-02
1.500000000000000000e+01,1.000000000000000000e+03,5.000000000000000000e+02,5.000000000000000000e+01,4.000000000000000222e-01,1.000000000000000056e-01,3.000000000000000000e+01,2.500000000000000000e+02,8.163265306122446940e-02
2.500000000000000000e+01,1.000000000000000000e+03,5.000000000000000000e+02,5.000000000000000000e+01,4.000000000000000222e-01,4.000000000000000222e-01,2.000000000000000000e+01,2.500000000000000000e+02,4.787234042553190072e-02
1.500000000000000000e+01,1.000000000000000000e+03,5.000000000000000000e+02,5.000000000000000000e+01,4.000000000000000222e-01,1.000000000000000056e-01,4.000000000000000000e+01,2.500000000000000000e+02,8.163265306122446940e-02
1.500000000000000000e+01,1.000000000000000000e+03,5.000000000000000000e+02,5.000000000000000000e+01,4.000000000000000222e-01,1.000000000000000056e-01,6.000000000000000000e+01,2.500000000000000000e+02,8.163265306122446940e-02
1.500000000000000000e+01,1.000000000000000000e+03,5.000000000000000000e+02,5.000000000000000000e+01,4.000000000000000222e-01,1.000000000000000056e-01,2.000000000000000000e+01,5.000000000000000000e+02,8.163265306122446940e-02
1.500000000000000000e+01,1.000000000000000000e+03,5.000000000000000000e+02,5.000000000000000000e+01,4.000000000000000222e-01,1.000000000000000056e-01,3.000000000000000000e+01,5.000000000000000000e+02,8.163265306122446940e-02
2.500000000000000000e+01,1.000000000000000000e+03,5.000000000000000000e+02,5.000000000000000000e+01,4.000000000000000222e-01,4.000000000000000222e-01,3.000000000000000000e+01,2.500000000000000000e+02,7.446808510638303069e-02
1.500000000000000000e+01,1.000000000000000000e+03,5.000000000000000000e+02,5.000000000000000000e+01,4.000000000000000222e-01,1.000000000000000056e-01,4.000000000000000000e+01,5.000000000000000000e+02,8.163265306122446940e-02
1.500000000000000000e+01,1.000000000000000000e+03,5.000000000000000000e+02,5.000000000000000000e+01,4.000000000000000222e-01,1.000000000000000056e-01,6.000000000000000000e+01,5.000000000000000000e+02,8.163265306122446940e-02
5.000000000000000000e+00,1.000000000000000000e+03,5.000000000000000000e+02,5.000000000000000000e+01,1.000000000000000056e-01,2.000000000000000111e-01,6.000000000000000000e+01,2.500000000000000000e+02,1.190476190476190688e-01
1.500000000000000000e+01,1.000000000000000000e+03,5.000000000000000000e+02,5.000000000000000000e+01,4.000000000000000222e-01,2.000000000000000111e-01,2.000000000000000000e+01,2.500000000000000000e+02,5.000000000000004441e-02
1.500000000000000000e+01,1.000000000000000000e+03,5.000000000000000000e+02,5.000000000000000000e+01,4.000000000000000222e-01,2.000000000000000111e-01,3.000000000000000000e+01,2.500000000000000000e+02,6.999999999999995115e-02
5.000000000000000000e+00,1.000000000000000000e+03,5.000000000000000000e+02,5.000000000000000000e+01,1.000000000000000056e-01,2.000000000000000111e-01,2.000000000000000000e+01,5.000000000000000000e+02,1.309523809523809312e-01
1.500000000000000000e+01,1.000000000000000000e+03,5.000000000000000000e+02,5.000000000000000000e+01,4.000000000000000222e-01,2.000000000000000111e-01,4.000000000000000000e+01,2.500000000000000000e+02,7.999999999999996003e-02
2.500000000000000000e+01,1.000000000000000000e+03,5.000000000000000000e+02,5.000000000000000000e+01,4.000000000000000222e-01,4.000000000000000222e-01,4.000000000000000000e+01,2.500000000000000000e+02,7.978723404255316787e-02
5.000000000000000000e+00,1.000000000000000000e+03,5.000000000000000000e+02,5.000000000000000000e+01,1.000000000000000056e-01,2.000000000000000111e-01,3.000000000000000000e+01,5.000000000000000000e+02,1.428571428571429047e-01
1.500000000000000000e+01,1.000000000000000000e+03,5.000000000000000000e+02,5.000000000000000000e+01,4.000000000000000222e-01,2.000000000000000111e-01,6.000000000000000000e+01,2.500000000000000000e+02,6.999999999999995115e-02
5.000000000000000000e+00,1.000000000000000000e+03,5.000000000000000000e+02,5.000000000000000000e+01,1.000000000000000056e-01,2.000000000000000111e-01,4.000000000000000000e+01,5.000000000000000000e+02,1.785714285714286031e-01
1.500000000000000000e+01,1.000000000000000000e+03,5.000000000000000000e+02,5.000000000000000000e+01,4.000000000000000222e-01,2.000000000000000111e-01,2.000000000000000000e+01,5.000000000000000000e+02,1.300000000000000044e-01
1.500000000000000000e+01,1.000000000000000000e+03,5.000000000000000000e+02,5.000000000000000000e+01,4.000000000000000222e-01,2.000000000000000111e-01,3.000000000000000000e+01,5.000000000000000000e+02,1.300000000000000044e-01
1.500000000000000000e+01,1.000000000000000000e+03,5.000000000000000000e+02,5.000000000000000000e+01,4.000000000000000222e-01,2.000000000000000111e-01,4.000000000000000000e+01,5.000000000000000000e+02,1.400000000000000133e-01
1.500000000000000000e+01,1.000000000000000000e+03,5.000000000000000000e+02,5.000000000000000000e+01,4.000000000000000222e-01,2.000000000000000111e-01,6.000000000000000000e+01,5.000000000000000000e+02,1.400000000000000133e-01
5.000000000000000000e+00,1.000000000000000000e+03,5.000000000000000000e+02,5.000000000000000000e+01,1.000000000000000056e-01,2.000000000000000111e-01,6.000000000000000000e+01,5.000000000000000000e+02,1.785714285714286031e-01
5.000000000000000000e+00,1.000000000000000000e+03,5.000000000000000000e+02,5.000000000000000000e+01,1.000000000000000056e-01,4.000000000000000222e-01,2.000000000000000000e+01,2.500000000000000000e+02,1.638418079096045643e-01
5.000000000000000000e+00,1.000000000000000000e+03,5.000000000000000000e+02,5.000000000000000000e+01,1.000000000000000056e-01,4.000000000000000222e-01,3.000000000000000000e+01,2.500000000000000000e+02,2.316384180790960201e-01
5.000000000000000000e+00,1.000000000000000000e+03,5.000000000000000000e+02,5.000000000000000000e+01,1.000000000000000056e-01,4.000000000000000222e-01,4.000000000000000000e+01,2.500000000000000000e+02,2.146892655367231839e-01
5.000000000000000000e+00,1.000000000000000000e+03,5.000000000000000000e+02,5.000000000000000000e+01,1.000000000000000056e-01,4.000000000000000222e-01,6.000000000000000000e+01,2.500000000000000000e+02,2.372881355932203729e-01
5.000000000000000000e+00,1.000000000000000000e+03,5.000000000000000000e+02,5.000000000000000000e+01,1.000000000000000056e-01,4.000000000000000222e-01,2.000000000000000000e+01,5.000000000000000000e+02,1.694915254237288060e-01
5.000000000000000000e+00,1.000000000000000000e+03,5.000000000000000000e+02,5.000000000000000000e+01,1.000000000000000056e-01,4.000000000000000222e-01,3.000000000000000000e+01,5.000000000000000000e+02,1.807909604519774005e-01
5.000000000000000000e+00,1.000000000000000000e+03,5.000000000000000000e+02,5.000000000000000000e+01,1.000000000000000056e-01,4.000000000000000222e-01,4.000000000000000000e+01,5.000000000000000000e+02,1.751412429378531588e-01
5.000000000000000000e+00,1.000000000000000000e+03,5.000000000000000000e+02,5.000000000000000000e+01,1.000000000000000056e-01,4.000000000000000222e-01,6.000000000000000000e+01,5.000000000000000000e+02,2.033898305084745894e-01
5.000000000000000000e+00,1.000000000000000000e+03,5.000000000000000000e+02,5.000000000000000000e+01,2.000000000000000111e-01,1.000000000000000056e-01,2.000000000000000000e+01,2.500000000000000000e+02,1.020408163265306145e-01
5.000000000000000000e+00,1.000000000000000000e+03,5.000000000000000000e+02,5.000000000000000000e+01,2.000000000000000111e-01,1.000000000000000056e-01,3.000000000000000000e+01,2.500000000000000000e+02,1.020408163265306145e-01
2.500000000000000000e+01,1.000000000000000000e+03,5.000000000000000000e+02,5.000000000000000000e+01,4.000000000000000222e-01,4.000000000000000222e-01,6.000000000000000000e+01,2.500000000000000000e+02,7.978723404255316787e-02
5.000000000000000000e+00,1.000000000000000000e+03,5.000000000000000000e+02,5.000000000000000000e+01,2.000000000000000111e-01,1.000000000000000056e-01,4.000000000000000000e+01,2.500000000000000000e+02,1.020408163265306145e-01
5.000000000000000000e+00,1.000000000000000000e+03,5.000000000000000000e+02,5.000000000000000000e+01,2.000000000000000111e-01,1.000000000000000056e-01,6.000000000000000000e+01,2.500000000000000000e+02,1.020408163265306145e-01
5.000000000000000000e+00,1.000000000000000000e+03,5.000000000000000000e+02,5.000000000000000000e+01,2.000000000000000111e-01,1.000000000000000056e-01,2.000000000000000000e+01,5.000000000000000000e+02,8.163265306122446940e-02
5.000000000000000000e+00,1.000000000000000000e+03,5.000000000000000000e+02,5.000000000000000000e+01,2.000000000000000111e-01,1.000000000000000056e-01,3.000000000000000000e+01,5.000000000000000000e+02,8.163265306122446940e-02
5.000000000000000000e+00,1.000000000000000000e+03,5.000000000000000000e+02,5.000000000000000000e+01,2.000000000000000111e-01,1.000000000000000056e-01,4.000000000000000000e+01,5.000000000000000000e+02,8.163265306122446940e-02
2.500000000000000000e+01,1.000000000000000000e+03,5.000000000000000000e+02,5.000000000000000000e+01,4.000000000000000222e-01,4.000000000000000222e-01,2.000000000000000000e+01,5.000000000000000000e+02,5.319148936170214892e-02
5.000000000000000000e+00,1.000000000000000000e+03,5.000000000000000000e+02,5.000000000000000000e+01,2.000000000000000111e-01,1.000000000000000056e-01,6.000000000000000000e+01,5.000000000000000000e+02,8.163265306122446940e-02
1.500000000000000000e+01,1.000000000000000000e+03,5.000000000000000000e+02,5.000000000000000000e+01,4.000000000000000222e-01,4.000000000000000222e-01,2.000000000000000000e+01,2.500000000000000000e+02,9.473684210526311933e-02
5.000000000000000000e+00,1.000000000000000000e+03,5.000000000000000000e+02,5.000000000000000000e+01,2.000000000000000111e-01,2.000000000000000111e-01,2.000000000000000000e+01,2.500000000000000000e+02,9.574468085106380144e-02
2.500000000000000000e+01,1.000000000000000000e+03,5.000000000000000000e+02,5.000000000000000000e+01,4.000000000000000222e-01,4.000000000000000222e-01,3.000000000000000000e+01,5.000000000000000000e+02,5.319148936170214892e-02
5.000000000000000000e+00,1.000000000000000000e+03,5.000000000000000000e+02,5.000000000000000000e+01,2.000000000000000111e-01,2.000000000000000111e-01,3.000000000000000000e+01,2.500000000000000000e+02,9.574468085106380144e-02
5.000000000000000000e+00,1.000000000000000000e+03,5.000000000000000000e+02,5.000000000000000000e+01,2.000000000000000111e-01,2.000000000000000111e-01,4.000000000000000000e+01,2.500000000000000000e+02,1.063829787234042978e-01
5.000000000000000000e+00,1.000000000000000000e+03,5.000000000000000000e+02,5.000000000000000000e+01,2.000000000000000111e-01,2.000000000000000111e-01,6.000000000000000000e+01,2.500000000000000000e+02,1.063829787234042978e-01
2.500000000000000000e+01,1.000000000000000000e+03,5.000000000000000000e+02,5.000000000000000000e+01,4.000000000000000222e-01,4.000000000000000222e-01,4.000000000000000000e+01,5.000000000000000000e+02,5.851063829787228610e-02
5.000000000000000000e+00,1.000000000000000000e+03,5.000000000000000000e+02,5.000000000000000000e+01,2.000000000000000111e-01,2.000000000000000111e-01,2.000000000000000000e+01,5.000000000000000000e+02,6.382978723404253429e-02
5.000000000000000000e+00,1.000000000000000000e+03,5.000000000000000000e+02,5.000000000000000000e+01,2.000000000000000111e-01,2.000000000000000111e-01,3.000000000000000000e+01,5.000000000000000000e+02,8.510638297872341607e-02
5.000000000000000000e+00,1.000000000000000000e+03,5.000000000000000000e+02,5.000000000000000000e+01,2.000000000000000111e-01,2.000000000000000111e-01,4.000000000000000000e+01,5.000000000000000000e+02,9.574468085106380144e-02
5.000000000000000000e+00,1.000000000000000000e+03,5.000000000000000000e+02,5.000000000000000000e+01,2.000000000000000111e-01,2.000000000000000111e-01,6.000000000000000000e+01,5.000000000000000000e+02,1.063829787234042978e-01
2.500000000000000000e+01,1.000000000000000000e+03,5.000000000000000000e+02,5.000000000000000000e+01,4.000000000000000222e-01,4.000000000000000222e-01,6.000000000000000000e+01,5.000000000000000000e+02,6.914893617021278249e-02
1.500000000000000000e+01,1.000000000000000000e+03,5.000000000000000000e+02,5.000000000000000000e+01,4.000000000000000222e-01,4.000000000000000222e-01,3.000000000000000000e+01,2.500000000000000000e+02,1.052631578947368363e-01
2.600000000000000000e+01,1.000000000000000000e+03,5.000000000000000000e+02,5.000000000000000000e+01,1.000000000000000056e-01,1.000000000000000056e-01,2.000000000000000000e+01,2.500000000000000000e+02,2.553191489361702482e-01
2.600000000000000000e+01,1.000000000000000000e+03,5.000000000000000000e+02,5.000000000000000000e+01,1.000000000000000056e-01,1.000000000000000056e-01,3.000000000000000000e+01,2.500000000000000000e+02,2.340425531914893664e-01
5.000000000000000000e+00,1.000000000000000000e+03,5.000000000000000000e+02,5.000000000000000000e+01,2.000000000000000111e-01,4.000000000000000222e-01,2.000000000000000000e+01,2.500000000000000000e+02,1.082474226804123196e-01
2.600000000000000000e+01,1.000000000000000000e+03,5.000000000000000000e+02,5.000000000000000000e+01,1.000000000000000056e-01,1.000000000000000056e-01,4.000000000000000000e+01,2.500000000000000000e+02,2.127659574468084847e-01
2.600000000000000000e+01,1.000000000000000000e+03,5.000000000000000000e+02,5.000000000000000000e+01,1.000000000000000056e-01,1.000000000000000056e-01,6.000000000000000000e+01,2.500000000000000000e+02,3.404255319148936643e-01
2.600000000000000000e+01,1.000000000000000000e+03,5.000000000000000000e+02,5.000000000000000000e+01,1.000000000000000056e-01,1.000000000000000056e-01,2.000000000000000000e+01,5.000000000000000000e+02,2.553191489361702482e-01
5.000000000000000000e+00,1.000000000000000000e+03,5.000000000000000000e+02,5.000000000000000000e+01,2.000000000000000111e-01,4.000000000000000222e-01,3.000000000000000000e+01,2.500000000000000000e+02,1.237113402061855716e-01
2.600000000000000000e+01,1.000000000000000000e+03,5.000000000000000000e+02,5.000000000000000000e+01,1.000000000000000056e-01,1.000000000000000056e-01,3.000000000000000000e+01,5.000000000000000000e+02,2.765957446808510189e-01
2.600000000000000000e+01,1.000000000000000000e+03,5.000000000000000000e+02,5.000000000000000000e+01,1.000000000000000056e-01,1.000000000000000056e-01,4.000000000000000000e+01,5.000000000000000000e+02,2.978723404255319007e-01
2.600000000000000000e+01,1.000000000000000000e+03,5.000000000000000000e+02,5.000000000000000000e+01,1.000000000000000056e-01,1.000000000000000056e-01,6.000000000000000000e+01,5.000000000000000000e+02,3.191489361702127825e-01
5.000000000000000000e+00,1.000000000000000000e+03,5.000000000000000000e+02,5.000000000000000000e+01,2.000000000000000111e-01,4.000000000000000222e-01,4.000000000000000000e+01,2.500000000000000000e+02,1.237113402061855716e-01
2.600000000000000000e+01,1.000000000000000000e+03,5.000000000000000000e+02,5.000000000000000000e+01,1.000000000000000056e-01,2.000000000000000111e-01,2.000000000000000000e+01,2.500000000000000000e+02,5.638297872340425343e-01
2.600000000000000000e+01,1.000000000000000000e+03,5.000000000000000000e+02,5.000000000000000000e+01,1.000000000000000056e-01,2.000000000000000111e-01,3.000000000000000000e+01,2.500000000000000000e+02,3.191489361702127825e-01
2.600000000000000000e+01,1.000000000000000000e+03,5.000000000000000000e+02,5.000000000000000000e+01,1.000000000000000056e-01,2.000000000000000111e-01,4.000000000000000000e+01,2.500000000000000000e+02,4.042553191489361986e-01
2.600000000000000000e+01,1.000000000000000000e+03,5.000000000000000000e+02,5.000000000000000000e+01,1.000000000000000056e-01,2.000000000000000111e-01,6.000000000000000000e+01,2.500000000000000000e+02,3.723404255319149314e-01
2.600000000000000000e+01,1.000000000000000000e+03,5.000000000000000000e+02,5.000000000000000000e+01,1.000000000000000056e-01,2.000000000000000111e-01,2.000000000000000000e+01,5.000000000000000000e+02,3.617021276595744350e-01
2.600000000000000000e+01,1.000000000000000000e+03,5.000000000000000000e+02,5.000000000000000000e+01,1.000000000000000056e-01,2.000000000000000111e-01,3.000000000000000000e+01,5.000000000000000000e+02,2.872340425531915153e-01
2.600000000000000000e+01,1.000000000000000000e+03,5.000000000000000000e+02,5.000000000000000000e+01,1.000000000000000056e-01,2.000000000000000111e-01,4.000000000000000000e+01,5.000000000000000000e+02,3.297872340425531679e-01
5.000000000000000000e+00,1.000000000000000000e+03,5.000000000000000000e+02,5.000000000000000000e+01,2.000000000000000111e-01,4.000000000000000222e-01,6.000000000000000000e+01,2.500000000000000000e+02,9.793814432989689234e-02
2.600000000000000000e+01,1.000000000000000000e+03,5.000000000000000000e+02,5.000000000000000000e+01,1.000000000000000056e-01,2.000000000000000111e-01,6.000000000000000000e+01,5.000000000000000000e+02,1.808510638297872175e-01
1.500000000000000000e+01,1.000000000000000000e+03,5.000000000000000000e+02,5.000000000000000000e+01,4.000000000000000222e-01,4.000000000000000222e-01,4.000000000000000000e+01,2.500000000000000000e+02,1.052631578947368363e-01
5.000000000000000000e+00,1.000000000000000000e+03,5.000000000000000000e+02,5.000000000000000000e+01,2.000000000000000111e-01,4.000000000000000222e-01,2.000000000000000000e+01,5.000000000000000000e+02,1.082474226804123196e-01
2.600000000000000000e+01,1.000000000000000000e+03,5.000000000000000000e+02,5.000000000000000000e+01,1.000000000000000056e-01,4.000000000000000222e-01,2.000000000000000000e+01,2.500000000000000000e+02,1.396648044692737622e-01
5.000000000000000000e+00,1.000000000000000000e+03,5.000000000000000000e+02,5.000000000000000000e+01,2.000000000000000111e-01,4.000000000000000222e-01,3.000000000000000000e+01,5.000000000000000000e+02,1.082474226804123196e-01
2.600000000000000000e+01,1.000000000000000000e+03,5.000000000000000000e+02,5.000000000000000000e+01,1.000000000000000056e-01,4.000000000000000222e-01,3.000000000000000000e+01,2.500000000000000000e+02,8.938547486033521228e-02
5.000000000000000000e+00,1.000000000000000000e+03,5.000000000000000000e+02,5.000000000000000000e+01,2.000000000000000111e-01,4.000000000000000222e-01,4.000000000000000000e+01,5.000000000000000000e+02,1.185567010309278579e-01
2.600000000000000000e+01,1.000000000000000000e+03,5.000000000000000000e+02,5.000000000000000000e+01,1.000000000000000056e-01,4.000000000000000222e-01,4.000000000000000000e+01,2.500000000000000000e+02,1.005586592178770999e-01
5.000000000000000000e+00,1.000000000000000000e+03,5.000000000000000000e+02,5.000000000000000000e+01,2.000000000000000111e-01,4.000000000000000222e-01,6.000000000000000000e+01,5.000000000000000000e+02,1.134020618556701443e-01
2.600000000000000000e+01,1.000000000000000000e+03,5.000000000000000000e+02,5.000000000000000000e+01,1.000000000000000056e-01,4.000000000000000222e-01,6.000000000000000000e+01,2.500000000000000000e+02,1.005586592178770999e-01
2.600000000000000000e+01,1.000000000000000000e+03,5.000000000000000000e+02,5.000000000000000000e+01,1.000000000000000056e-01,4.000000000000000222e-01,2.000000000000000000e+01,5.000000000000000000e+02,1.731843575418994252e-01
2.600000000000000000e+01,1.000000000000000000e+03,5.000000000000000000e+02,5.000000000000000000e+01,1.000000000000000056e-01,4.000000000000000222e-01,3.000000000000000000e+01,5.000000000000000000e+02,8.938547486033521228e-02
2.600000000000000000e+01,1.000000000000000000e+03,5.000000000000000000e+02,5.000000000000000000e+01,1.000000000000000056e-01,4.000000000000000222e-01,4.000000000000000000e+01,5.000000000000000000e+02,1.117318435754189876e-01
2.600000000000000000e+01,1.000000000000000000e+03,5.000000000000000000e+02,5.000000000000000000e+01,1.000000000000000056e-01,4.000000000000000222e-01,6.000000000000000000e+01,5.000000000000000000e+02,1.843575418994413129e-01
1.500000000000000000e+01,1.000000000000000000e+03,5.000000000000000000e+02,5.000000000000000000e+01,4.000000000000000222e-01,4.000000000000000222e-01,6.000000000000000000e+01,2.500000000000000000e+02,1.157894736842105532e-01
5.000000000000000000e+00,1.000000000000000000e+03,5.000000000000000000e+02,5.000000000000000000e+01,4.000000000000000222e-01,1.000000000000000056e-01,2.000000000000000000e+01,2.500000000000000000e+02,1.041666666666666297e-01
5.000000000000000000e+00,1.000000000000000000e+03,5.000000000000000000e+02,5.000000000000000000e+01,4.000000000000000222e-01,1.000000000000000056e-01,3.000000000000000000e+01,2.500000000000000000e+02,1.041666666666666297e-01
1.500000000000000000e+01,1.000000000000000000e+03,5.000000000000000000e+02,5.000000000000000000e+01,4.000000000000000222e-01,4.000000000000000222e-01,2.000000000000000000e+01,5.000000000000000000e+02,7.894736842105265495e-02
2.600000000000000000e+01,1.000000000000000000e+03,5.000000000000000000e+02,5.000000000000000000e+01,2.000000000000000111e-01,1.000000000000000056e-01,2.000000000000000000e+01,2.500000000000000000e+02,1.702127659574468321e-01
1.500000000000000000e+01,1.000000000000000000e+03,5.000000000000000000e+02,5.000000000000000000e+01,4.000000000000000222e-01,4.000000000000000222e-01,3.000000000000000000e+01,5.000000000000000000e+02,9.473684210526311933e-02
5.000000000000000000e+00,1.000000000000000000e+03,5.000000000000000000e+02,5.000000000000000000e+01,4.000000000000000222e-01,1.000000000000000056e-01,4.000000000000000000e+01,2.500000000000000000e+02,1.041666666666666297e-01
1.500000000000000000e+01,1.000000000000000000e+03,5.000000000000000000e+02,5.000000000000000000e+01,4.000000000000000222e-01,4.000000000000000222e-01,4.000000000000000000e+01,5.000000000000000000e+02,7.894736842105265495e-02
2.600000000000000000e+01,1.000000000000000000e+03,5.000000000000000000e+02,5.000000000000000000e+01,2.000000000000000111e-01,1.000000000000000056e-01,3.000000000000000000e+01,2.500000000000000000e+02,1.702127659574468321e-01
1.500000000000000000e+01,1.000000000000000000e+03,5.000000000000000000e+02,5.000000000000000000e+01,4.000000000000000222e-01,4.000000000000000222e-01,6.000000000000000000e+01,5.000000000000000000e+02,1.105263157894736947e-01
5.000000000000000000e+00,1.000000000000000000e+03,5.000000000000000000e+02,5.000000000000000000e+01,4.000000000000000222e-01,1.000000000000000056e-01,6.000000000000000000e+01,2.500000000000000000e+02,1.041666666666666297e-01
1.600000000000000000e+01,1.000000000000000000e+03,5.000000000000000000e+02,5.000000000000000000e+01,1.000000000000000056e-01,1.000000000000000056e-01,2.000000000000000000e+01,2.500000000000000000e+02,8.163265306122446940e-02
1.600000000000000000e+01,1.000000000000000000e+03,5.000000000000000000e+02,5.000000000000000000e+01,1.000000000000000056e-01,1.000000000000000056e-01,3.000000000000000000e+01,2.500000000000000000e+02,1.224489795918367596e-01
5.000000000000000000e+00,1.000000000000000000e+03,5.000000000000000000e+02,5.000000000000000000e+01,4.000000000000000222e-01,1.000000000000000056e-01,2.000000000000000000e+01,5.000000000000000000e+02,6.250000000000000000e-02
2.600000000000000000e+01,1.000000000000000000e+03,5.000000000000000000e+02,5.000000000000000000e+01,2.000000000000000111e-01,1.000000000000000056e-01,4.000000000000000000e+01,2.500000000000000000e+02,1.702127659574468321e-01
1.600000000000000000e+01,1.000000000000000000e+03,5.000000000000000000e+02,5.000000000000000000e+01,1.000000000000000056e-01,1.000000000000000056e-01,4.000000000000000000e+01,2.500000000000000000e+02,1.428571428571429047e-01
5.000000000000000000e+00,1.000000000000000000e+03,5.000000000000000000e+02,5.000000000000000000e+01,4.000000000000000222e-01,1.000000000000000056e-01,3.000000000000000000e+01,5.000000000000000000e+02,8.333333333333337034e-02
5.000000000000000000e+00,1.000000000000000000e+03,5.000000000000000000e+02,5.000000000000000000e+01,4.000000000000000222e-01,1.000000000000000056e-01,4.000000000000000000e+01,5.000000000000000000e+02,8.333333333333337034e-02
1.600000000000000000e+01,1.000000000000000000e+03,5.000000000000000000e+02,5.000000000000000000e+01,1.000000000000000056e-01,1.000000000000000056e-01,6.000000000000000000e+01,2.500000000000000000e+02,1.632653061224489388e-01
1.600000000000000000e+01,1.000000000000000000e+03,5.000000000000000000e+02,5.000000000000000000e+01,1.000000000000000056e-01,1.000000000000000056e-01,2.000000000000000000e+01,5.000000000000000000e+02,8.163265306122446940e-02
5.000000000000000000e+00,1.000000000000000000e+03,5.000000000000000000e+02,5.000000000000000000e+01,4.000000000000000222e-01,1.000000000000000056e-01,6.000000000000000000e+01,5.000000000000000000e+02,1.041666666666666297e-01
1.600000000000000000e+01,1.000000000000000000e+03,5.000000000000000000e+02,5.000000000000000000e+01,1.000000000000000056e-01,1.000000000000000056e-01,3.000000000000000000e+01,5.000000000000000000e+02,1.020408163265306145e-01
1.600000000000000000e+01,1.000000000000000000e+03,5.000000000000000000e+02,5.000000000000000000e+01,1.000000000000000056e-01,1.000000000000000056e-01,4.000000000000000000e+01,5.000000000000000000e+02,1.428571428571429047e-01
1.600000000000000000e+01,1.000000000000000000e+03,5.000000000000000000e+02,5.000000000000000000e+01,1.000000000000000056e-01,1.000000000000000056e-01,6.000000000000000000e+01,5.000000000000000000e+02,1.632653061224489388e-01
1.600000000000000000e+01,1.000000000000000000e+03,5.000000000000000000e+02,5.000000000000000000e+01,1.000000000000000056e-01,2.000000000000000111e-01,2.000000000000000000e+01,2.500000000000000000e+02,1.894736842105263497e-01
1.600000000000000000e+01,1.000000000000000000e+03,5.000000000000000000e+02,5.000000000000000000e+01,1.000000000000000056e-01,2.000000000000000111e-01,3.000000000000000000e+01,2.500000000000000000e+02,2.105263157894736725e-01
5.000000000000000000e+00,1.000000000000000000e+03,5.000000000000000000e+02,5.000000000000000000e+01,4.000000000000000222e-01,2.000000000000000111e-01,2.000000000000000000e+01,2.500000000000000000e+02,5.102040816326525174e-02
1.600000000000000000e+01,1.000000000000000000e+03,5.000000000000000000e+02,5.000000000000000000e+01,1.000000000000000056e-01,2.000000000000000111e-01,4.000000000000000000e+01,2.500000000000000000e+02,2.315789473684211064e-01
1.600000000000000000e+01,1.000000000000000000e+03,5.000000000000000000e+02,5.000000000000000000e+01,1.000000000000000056e-01,2.000000000000000111e-01,6.000000000000000000e+01,2.500000000000000000e+02,2.315789473684211064e-01
5.000000000000000000e+00,1.000000000000000000e+03,5.000000000000000000e+02,5.000000000000000000e+01,4.000000000000000222e-01,2.000000000000000111e-01,3.000000000000000000e+01,2.500000000000000000e+02,5.102040816326525174e-02
1.600000000000000000e+01,1.000000000000000000e+03,5.000000000000000000e+02,5.000000000000000000e+01,1.000000000000000056e-01,2.000000000000000111e-01,2.000000000000000000e+01,5.000000000000000000e+02,1.789473684210526327e-01
2.600000000000000000e+01,1.000000000000000000e+03,5.000000000000000000e+02,5.000000000000000000e+01,2.000000000000000111e-01,1.000000000000000056e-01,6.000000000000000000e+01,2.500000000000000000e+02,1.702127659574468321e-01
1.600000000000000000e+01,1.000000000000000000e+03,5.000000000000000000e+02,5.000000000000000000e+01,1.000000000000000056e-01,2.000000000000000111e-01,3.000000000000000000e+01,5.000000000000000000e+02,1.999999999999999556e-01
5.000000000000000000e+00,1.000000000000000000e+03,5.000000000000000000e+02,5.000000000000000000e+01,4.000000000000000222e-01,2.000000000000000111e-01,4.000000000000000000e+01,2.500000000000000000e+02,6.122448979591832430e-02
1.600000000000000000e+01,1.000000000000000000e+03,5.000000000000000000e+02,5.000000000000000000e+01,1.000000000000000056e-01,2.000000000000000111e-01,4.000000000000000000e+01,5.000000000000000000e+02,1.578947368421053099e-01
2.600000000000000000e+01,1.000000000000000000e+03,5.000000000000000000e+02,5.000000000000000000e+01,2.000000000000000111e-01,1.000000000000000056e-01,2.000000000000000000e+01,5.000000000000000000e+02,1.914893617021277139e-01
1.600000000000000000e+01,1.000000000000000000e+03,5.000000000000000000e+02,5.000000000000000000e+01,1.000000000000000056e-01,2.000000000000000111e-01,6.000000000000000000e+01,5.000000000000000000e+02,1.473684210526315930e-01
2.600000000000000000e+01,1.000000000000000000e+03,5.000000000000000000e+02,5.000000000000000000e+01,2.000000000000000111e-01,1.000000000000000056e-01,3.000000000000000000e+01,5.000000000000000000e+02,1.914893617021277139e-01
2.600000000000000000e+01,1.000000000000000000e+03,5.000000000000000000e+02,5.000000000000000000e+01,2.000000000000000111e-01,1.000000000000000056e-01,4.000000000000000000e+01,5.000000000000000000e+02,1.914893617021277139e-01
1.600000000000000000e+01,1.000000000000000000e+03,5.000000000000000000e+02,5.000000000000000000e+01,1.000000000000000056e-01,4.000000000000000222e-01,2.000000000000000000e+01,2.500000000000000000e+02,1.387283236994220070e-01
1.600000000000000000e+01,1.000000000000000000e+03,5.000000000000000000e+02,5.000000000000000000e+01,1.000000000000000056e-01,4.000000000000000222e-01,3.000000000000000000e+01,2.500000000000000000e+02,1.560693641618496885e-01
5.000000000000000000e+00,1.000000000000000000e+03,5.000000000000000000e+02,5.000000000000000000e+01,4.000000000000000222e-01,2.000000000000000111e-01,6.000000000000000000e+01,2.500000000000000000e+02,7.142857142857139685e-02
2.600000000000000000e+01,1.000000000000000000e+03,5.000000000000000000e+02,5.000000000000000000e+01,2.000000000000000111e-01,1.000000000000000056e-01,6.000000000000000000e+01,5.000000000000000000e+02,1.914893617021277139e-01
1.600000000000000000e+01,1.000000000000000000e+03,5.000000000000000000e+02,5.000000000000000000e+01,1.000000000000000056e-01,4.000000000000000222e-01,4.000000000000000000e+01,2.500000000000000000e+02,1.387283236994220070e-01
5.000000000000000000e+00,1.000000000000000000e+03,5.000000000000000000e+02,5.000000000000000000e+01,4.000000000000000222e-01,2.000000000000000111e-01,2.000000000000000000e+01,5.000000000000000000e+02,5.102040816326525174e-02
2.600000000000000000e+01,1.000000000000000000e+03,5.000000000000000000e+02,5.000000000000000000e+01,2.000000000000000111e-01,2.000000000000000111e-01,2.000000000000000000e+01,2.500000000000000000e+02,5.102040816326525174e-02
5.000000000000000000e+00,1.000000000000000000e+03,5.000000000000000000e+02,5.000000000000000000e+01,4.000000000000000222e-01,2.000000000000000111e-01,3.000000000000000000e+01,5.000000000000000000e+02,6.122448979591832430e-02
5.000000000000000000e+00,1.000000000000000000e+03,5.000000000000000000e+02,5.000000000000000000e+01,4.000000000000000222e-01,2.000000000000000111e-01,4.000000000000000000e+01,5.000000000000000000e+02,8.163265306122446940e-02
2.600000000000000000e+01,1.000000000000000000e+03,5.000000000000000000e+02,5.000000000000000000e+01,2.000000000000000111e-01,2.000000000000000111e-01,3.000000000000000000e+01,2.500000000000000000e+02,5.102040816326525174e-02
1.600000000000000000e+01,1.000000000000000000e+03,5.000000000000000000e+02,5.000000000000000000e+01,1.000000000000000056e-01,4.000000000000000222e-01,6.000000000000000000e+01,2.500000000000000000e+02,1.329479768786127059e-01
2.600000000000000000e+01,1.000000000000000000e+03,5.000000000000000000e+02,5.000000000000000000e+01,2.000000000000000111e-01,2.000000000000000111e-01,4.000000000000000000e+01,2.500000000000000000e+02,6.122448979591832430e-02
5.000000000000000000e+00,1.000000000000000000e+03,5.000000000000000000e+02,5.000000000000000000e+01,4.000000000000000222e-01,2.000000000000000111e-01,6.000000000000000000e+01,5.000000000000000000e+02,8.163265306122446940e-02
1.600000000000000000e+01,1.000000000000000000e+03,5.000000000000000000e+02,5.000000000000000000e+01,1.000000000000000056e-01,4.000000000000000222e-01,2.000000000000000000e+01,5.000000000000000000e+02,1.502890173410404984e-01
2.600000000000000000e+01,1.000000000000000000e+03,5.000000000000000000e+02,5.000000000000000000e+01,2.000000000000000111e-01,2.000000000000000111e-01,6.000000000000000000e+01,2.500000000000000000e+02,9.183673469387754196e-02
1.600000000000000000e+01,1.000000000000000000e+03,5.000000000000000000e+02,5.000000000000000000e+01,1.000000000000000056e-01,4.000000000000000222e-01,3.000000000000000000e+01,5.000000000000000000e+02,1.213872832369942145e-01
1.600000000000000000e+01,1.000000000000000000e+03,5.000000000000000000e+02,5.000000000000000000e+01,1.000000000000000056e-01,4.000000000000000222e-01,4.000000000000000000e+01,5.000000000000000000e+02,1.387283236994220070e-01
2.600000000000000000e+01,1.000000000000000000e+03,5.000000000000000000e+02,5.000000000000000000e+01,2.000000000000000111e-01,2.000000000000000111e-01,2.000000000000000000e+01,5.000000000000000000e+02,6.122448979591832430e-02
2.600000000000000000e+01,1.000000000000000000e+03,5.000000000000000000e+02,5.000000000000000000e+01,2.000000000000000111e-01,2.000000000000000111e-01,3.000000000000000000e+01,5.000000000000000000e+02,7.142857142857139685e-02
1.600000000000000000e+01,1.000000000000000000e+03,5.000000000000000000e+02,5.000000000000000000e+01,1.000000000000000056e-01,4.000000000000000222e-01,6.000000000000000000e+01,5.000000000000000000e+02,1.387283236994220070e-01
2.600000000000000000e+01,1.000000000000000000e+03,5.000000000000000000e+02,5.000000000000000000e+01,2.000000000000000111e-01,2.000000000000000111e-01,4.000000000000000000e+01,5.000000000000000000e+02,8.163265306122446940e-02
1.600000000000000000e+01,1.000000000000000000e+03,5.000000000000000000e+02,5.000000000000000000e+01,2.000000000000000111e-01,1.000000000000000056e-01,2.000000000000000000e+01,2.500000000000000000e+02,1.666666666666666297e-01
1.600000000000000000e+01,1.000000000000000000e+03,5.000000000000000000e+02,5.000000000000000000e+01,2.000000000000000111e-01,1.000000000000000056e-01,3.000000000000000000e+01,2.500000000000000000e+02,1.875000000000000000e-01
1.600000000000000000e+01,1.000000000000000000e+03,5.000000000000000000e+02,5.000000000000000000e+01,2.000000000000000111e-01,1.000000000000000056e-01,4.000000000000000000e+01,2.500000000000000000e+02,1.875000000000000000e-01
2.600000000000000000e+01,1.000000000000000000e+03,5.000000000000000000e+02,5.000000000000000000e+01,2.000000000000000111e-01,2.000000000000000111e-01,6.000000000000000000e+01,5.000000000000000000e+02,1.020408163265306145e-01
1.600000000000000000e+01,1.000000000000000000e+03,5.000000000000000000e+02,5.000000000000000000e+01,2.000000000000000111e-01,1.000000000000000056e-01,6.000000000000000000e+01,2.500000000000000000e+02,1.875000000000000000e-01
1.600000000000000000e+01,1.000000000000000000e+03,5.000000000000000000e+02,5.000000000000000000e+01,2.000000000000000111e-01,1.000000000000000056e-01,2.000000000000000000e+01,5.000000000000000000e+02,2.083333333333333703e-01
2.600000000000000000e+01,1.000000000000000000e+03,5.000000000000000000e+02,5.000000000000000000e+01,2.000000000000000111e-01,4.000000000000000222e-01,2.000000000000000000e+01,2.500000000000000000e+02,9.392265193370163967e-02
1.600000000000000000e+01,1.000000000000000000e+03,5.000000000000000000e+02,5.000000000000000000e+01,2.000000000000000111e-01,1.000000000000000056e-01,3.000000000000000000e+01,5.000000000000000000e+02,2.083333333333333703e-01
1.600000000000000000e+01,1.000000000000000000e+03,5.000000000000000000e+02,5.000000000000000000e+01,2.000000000000000111e-01,1.000000000000000056e-01,4.000000000000000000e+01,5.000000000000000000e+02,2.083333333333333703e-01
2.600000000000000000e+01,1.000000000000000000e+03,5.000000000000000000e+02,5.000000000000000000e+01,2.000000000000000111e-01,4.000000000000000222e-01,3.000000000000000000e+01,2.500000000000000000e+02,7.734806629834256597e-02
1.600000000000000000e+01,1.000000000000000000e+03,5.000000000000000000e+02,5.000000000000000000e+01,2.000000000000000111e-01,1.000000000000000056e-01,6.000000000000000000e+01,5.000000000000000000e+02,1.458333333333333703e-01
2.600000000000000000e+01,1.000000000000000000e+03,5.000000000000000000e+02,5.000000000000000000e+01,2.000000000000000111e-01,4.000000000000000222e-01,4.000000000000000000e+01,2.500000000000000000e+02,7.182320441988954141e-02
1.600000000000000000e+01,1.000000000000000000e+03,5.000000000000000000e+02,5.000000000000000000e+01,2.000000000000000111e-01,2.000000000000000111e-01,2.000000000000000000e+01,2.500000000000000000e+02,2.164948453608247503e-01
1.600000000000000000e+01,1.000000000000000000e+03,5.000000000000000000e+02,5.000000000000000000e+01,2.000000000000000111e-01,2.000000000000000111e-01,3.000000000000000000e+01,2.500000000000000000e+02,1.649484536082473918e-01
1.600000000000000000e+01,1.000000000000000000e+03,5.000000000000000000e+02,5.000000000000000000e+01,2.000000000000000111e-01,2.000000000000000111e-01,4.000000000000000000e+01,2.500000000000000000e+02,1.649484536082473918e-01
2.600000000000000000e+01,1.000000000000000000e+03,5.000000000000000000e+02,5.000000000000000000e+01,2.000000000000000111e-01,4.000000000000000222e-01,6.000000000000000000e+01,2.500000000000000000e+02,1.104972375690608244e-01
1.600000000000000000e+01,1.000000000000000000e+03,5.000000000000000000e+02,5.000000000000000000e+01,2.000000000000000111e-01,2.000000000000000111e-01,6.000000000000000000e+01,2.500000000000000000e+02,1.649484536082473918e-01
2.600000000000000000e+01,1.000000000000000000e+03,5.000000000000000000e+02,5.000000000000000000e+01,2.000000000000000111e-01,4.000000000000000222e-01,2.000000000000000000e+01,5.000000000000000000e+02,1.104972375690608244e-01
1.600000000000000000e+01,1.000000000000000000e+03,5.000000000000000000e+02,5.000000000000000000e+01,2.000000000000000111e-01,2.000000000000000111e-01,2.000000000000000000e+01,5.000000000000000000e+02,3.711340206185567148e-01
1.600000000000000000e+01,1.000000000000000000e+03,5.000000000000000000e+02,5.000000000000000000e+01,2.000000000000000111e-01,2.000000000000000111e-01,3.000000000000000000e+01,5.000000000000000000e+02,2.577319587628865705e-01
2.600000000000000000e+01,1.000000000000000000e+03,5.000000000000000000e+02,5.000000000000000000e+01,2.000000000000000111e-01,4.000000000000000222e-01,3.000000000000000000e+01,5.000000000000000000e+02,8.287292817679559054e-02
1.600000000000000000e+01,1.000000000000000000e+03,5.000000000000000000e+02,5.000000000000000000e+01,2.000000000000000111e-01,2.000000000000000111e-01,4.000000000000000000e+01,5.000000000000000000e+02,4.123711340206185350e-01
2.600000000000000000e+01,1.000000000000000000e+03,5.000000000000000000e+02,5.000000000000000000e+01,2.000000000000000111e-01,4.000000000000000222e-01,4.000000000000000000e+01,5.000000000000000000e+02,1.160220994475138490e-01
1.600000000000000000e+01,1.000000000000000000e+03,5.000000000000000000e+02,5.000000000000000000e+01,2.000000000000000111e-01,2.000000000000000111e-01,6.000000000000000000e+01,5.000000000000000000e+02,2.474226804123711432e-01
5.000000000000000000e+00,1.000000000000000000e+03,5.000000000000000000e+02,5.000000000000000000e+01,4.000000000000000222e-01,4.000000000000000222e-01,2.000000000000000000e+01,2.500000000000000000e+02,5.759162303664921989e-02
2.600000000000000000e+01,1.000000000000000000e+03,5.000000000000000000e+02,5.000000000000000000e+01,2.000000000000000111e-01,4.000000000000000222e-01,6.000000000000000000e+01,5.000000000000000000e+02,1.160220994475138490e-01
5.000000000000000000e+00,1.000000000000000000e+03,5.000000000000000000e+02,5.000000000000000000e+01,4.000000000000000222e-01,4.000000000000000222e-01,3.000000000000000000e+01,2.500000000000000000e+02,6.282722513089000760e-02
1.600000000000000000e+01,1.000000000000000000e+03,5.000000000000000000e+02,5.000000000000000000e+01,2.000000000000000111e-01,4.000000000000000222e-01,2.000000000000000000e+01,2.500000000000000000e+02,9.189189189189184148e-02
2.600000000000000000e+01,1.000000000000000000e+03,5.000000000000000000e+02,5.000000000000000000e+01,4.000000000000000222e-01,1.000000000000000056e-01,2.000000000000000000e+01,2.500000000000000000e+02,6.000000000000005329e-02
1.600000000000000000e+01,1.000000000000000000e+03,5.000000000000000000e+02,5.000000000000000000e+01,2.000000000000000111e-01,4.000000000000000222e-01,3.000000000000000000e+01,2.500000000000000000e+02,8.108108108108103007e-02
5.000000000000000000e+00,1.000000000000000000e+03,5.000000000000000000e+02,5.000000000000000000e+01,4.000000000000000222e-01,4.000000000000000222e-01,4.000000000000000000e+01,2.500000000000000000e+02,6.282722513089000760e-02
1.600000000000000000e+01,1.000000000000000000e+03,5.000000000000000000e+02,5.000000000000000000e+01,2.000000000000000111e-01,4.000000000000000222e-01,4.000000000000000000e+01,2.500000000000000000e+02,7.567567567567567988e-02
2.600000000000000000e+01,1.000000000000000000e+03,5.000000000000000000e+02,5.000000000000000000e+01,4.000000000000000222e-01,1.000000000000000056e-01,3.000000000000000000e+01,2.500000000000000000e+02,6.000000000000005329e-02
2.600000000000000000e+01,1.000000000000000000e+03,5.000000000000000000e+02,5.000000000000000000e+01,4.000000000000000222e-01,1.000000000000000056e-01,4.000000000000000000e+01,2.500000000000000000e+02,6.000000000000005329e-02
1.600000000000000000e+01,1.000000000000000000e+03,5.000000000000000000e+02,5.000000000000000000e+01,2.000000000000000111e-01,4.000000000000000222e-01,6.000000000000000000e+01,2.500000000000000000e+02,6.486486486486486847e-02
1.600000000000000000e+01,1.000000000000000000e+03,5.000000000000000000e+02,5.000000000000000000e+01,2.000000000000000111e-01,4.000000000000000222e-01,2.000000000000000000e+01,5.000000000000000000e+02,1.189189189189189255e-01
1.600000000000000000e+01,1.000000000000000000e+03,5.000000000000000000e+02,5.000000000000000000e+01,2.000000000000000111e-01,4.000000000000000222e-01,3.000000000000000000e+01,5.000000000000000000e+02,9.729729729729730270e-02
1.600000000000000000e+01,1.000000000000000000e+03,5.000000000000000000e+02,5.000000000000000000e+01,2.000000000000000111e-01,4.000000000000000222e-01,4.000000000000000000e+01,5.000000000000000000e+02,8.648648648648649129e-02
5.000000000000000000e+00,1.000000000000000000e+03,5.000000000000000000e+02,5.000000000000000000e+01,4.000000000000000222e-01,4.000000000000000222e-01,6.000000000000000000e+01,2.500000000000000000e+02,7.329842931937169404e-02
1.600000000000000000e+01,1.000000000000000000e+03,5.000000000000000000e+02,5.000000000000000000e+01,2.000000000000000111e-01,4.000000000000000222e-01,6.000000000000000000e+01,5.000000000000000000e+02,9.729729729729730270e-02
1.600000000000000000e+01,1.000000000000000000e+03,5.000000000000000000e+02,5.000000000000000000e+01,4.000000000000000222e-01,1.000000000000000056e-01,2.000000000000000000e+01,2.500000000000000000e+02,6.250000000000000000e-02
1.600000000000000000e+01,1.000000000000000000e+03,5.000000000000000000e+02,5.000000000000000000e+01,4.000000000000000222e-01,1.000000000000000056e-01,3.000000000000000000e+01,2.500000000000000000e+02,8.333333333333337034e-02
2.600000000000000000e+01,1.000000000000000000e+03,5.000000000000000000e+02,5.000000000000000000e+01,4.000000000000000222e-01,1.000000000000000056e-01,6.000000000000000000e+01,2.500000000000000000e+02,6.000000000000005329e-02
1.600000000000000000e+01,1.000000000000000000e+03,5.000000000000000000e+02,5.000000000000000000e+01,4.000000000000000222e-01,1.000000000000000056e-01,4.000000000000000000e+01,2.500000000000000000e+02,8.333333333333337034e-02
5.000000000000000000e+00,1.000000000000000000e+03,5.000000000000000000e+02,5.000000000000000000e+01,4.000000000000000222e-01,4.000000000000000222e-01,2.000000000000000000e+01,5.000000000000000000e+02,6.806282722513090633e-02
2.600000000000000000e+01,1.000000000000000000e+03,5.000000000000000000e+02,5.000000000000000000e+01,4.000000000000000222e-01,1.000000000000000056e-01,2.000000000000000000e+01,5.000000000000000000e+02,2.000000000000001776e-02
1.600000000000000000e+01,1.000000000000000000e+03,5.000000000000000000e+02,5.000000000000000000e+01,4.000000000000000222e-01,1.000000000000000056e-01,6.000000000000000000e+01,2.500000000000000000e+02,8.333333333333337034e-02
2.600000000000000000e+01,1.000000000000000000e+03,5.000000000000000000e+02,5.000000000000000000e+01,4.000000000000000222e-01,1.000000000000000056e-01,3.000000000000000000e+01,5.000000000000000000e+02,2.000000000000001776e-02
1.600000000000000000e+01,1.000000000000000000e+03,5.000000000000000000e+02,5.000000000000000000e+01,4.000000000000000222e-01,1.000000000000000056e-01,2.000000000000000000e+01,5.000000000000000000e+02,6.250000000000000000e-02
1.600000000000000000e+01,1.000000000000000000e+03,5.000000000000000000e+02,5.000000000000000000e+01,4.000000000000000222e-01,1.000000000000000056e-01,3.000000000000000000e+01,5.000000000000000000e+02,6.250000000000000000e-02
2.600000000000000000e+01,1.000000000000000000e+03,5.000000000000000000e+02,5.000000000000000000e+01,4.000000000000000222e-01,1.000000000000000056e-01,4.000000000000000000e+01,5.000000000000000000e+02,4.000000000000003553e-02
5.000000000000000000e+00,1.000000000000000000e+03,5.000000000000000000e+02,5.000000000000000000e+01,4.000000000000000222e-01,4.000000000000000222e-01,3.000000000000000000e+01,5.000000000000000000e+02,6.806282722513090633e-02
1.600000000000000000e+01,1.000000000000000000e+03,5.000000000000000000e+02,5.000000000000000000e+01,4.000000000000000222e-01,1.000000000000000056e-01,4.000000000000000000e+01,5.000000000000000000e+02,6.250000000000000000e-02
1.600000000000000000e+01,1.000000000000000000e+03,5.000000000000000000e+02,5.000000000000000000e+01,4.000000000000000222e-01,1.000000000000000056e-01,6.000000000000000000e+01,5.000000000000000000e+02,6.250000000000000000e-02
2.600000000000000000e+01,1.000000000000000000e+03,5.000000000000000000e+02,5.000000000000000000e+01,4.000000000000000222e-01,1.000000000000000056e-01,6.000000000000000000e+01,5.000000000000000000e+02,6.000000000000005329e-02
5.000000000000000000e+00,1.000000000000000000e+03,5.000000000000000000e+02,5.000000000000000000e+01,4.000000000000000222e-01,4.000000000000000222e-01,4.000000000000000000e+01,5.000000000000000000e+02,7.329842931937169404e-02
1.600000000000000000e+01,1.000000000000000000e+03,5.000000000000000000e+02,5.000000000000000000e+01,4.000000000000000222e-01,2.000000000000000111e-01,2.000000000000000000e+01,2.500000000000000000e+02,8.163265306122446940e-02
5.000000000000000000e+00,1.000000000000000000e+03,5.000000000000000000e+02,5.000000000000000000e+01,4.000000000000000222e-01,4.000000000000000222e-01,6.000000000000000000e+01,5.000000000000000000e+02,7.329842931937169404e-02
2.600000000000000000e+01,1.000000000000000000e+03,5.000000000000000000e+02,5.000000000000000000e+01,4.000000000000000222e-01,2.000000000000000111e-01,2.000000000000000000e+01,2.500000000000000000e+02,8.333333333333337034e-02
6.000000000000000000e+00,1.000000000000000000e+03,5.000000000000000000e+02,5.000000000000000000e+01,1.000000000000000056e-01,1.000000000000000056e-01,2.000000000000000000e+01,2.500000000000000000e+02,1.739130434782608647e-01
1.600000000000000000e+01,1.000000000000000000e+03,5.000000000000000000e+02,5.000000000000000000e+01,4.000000000000000222e-01,2.000000000000000111e-01,3.000000000000000000e+01,2.500000000000000000e+02,1.020408163265306145e-01
6.000000000000000000e+00,1.000000000000000000e+03,5.000000000000000000e+02,5.000000000000000000e+01,1.000000000000000056e-01,1.000000000000000056e-01,3.000000000000000000e+01,2.500000000000000000e+02,1.956521739130434590e-01
2.600000000000000000e+01,1.000000000000000000e+03,5.000000000000000000e+02,5.000000000000000000e+01,4.000000000000000222e-01,2.000000000000000111e-01,3.000000000000000000e+01,2.500000000000000000e+02,8.333333333333337034e-02
6.000000000000000000e+00,1.000000000000000000e+03,5.000000000000000000e+02,5.000000000000000000e+01,1.000000000000000056e-01,1.000000000000000056e-01,4.000000000000000000e+01,2.500000000000000000e+02,1.956521739130434590e-01
1.600000000000000000e+01,1.000000000000000000e+03,5.000000000000000000e+02,5.000000000000000000e+01,4.000000000000000222e-01,2.000000000000000111e-01,4.000000000000000000e+01,2.500000000000000000e+02,1.020408163265306145e-01
6.000000000000000000e+00,1.000000000000000000e+03,5.000000000000000000e+02,5.000000000000000000e+01,1.000000000000000056e-01,1.000000000000000056e-01,6.000000000000000000e+01,2.500000000000000000e+02,2.391304347826086474e-01
2.600000000000000000e+01,1.000000000000000000e+03,5.000000000000000000e+02,5.000000000000000000e+01,4.000000000000000222e-01,2.000000000000000111e-01,4.000000000000000000e+01,2.500000000000000000e+02,9.375000000000000000e-02
6.000000000000000000e+00,1.000000000000000000e+03,5.000000000000000000e+02,5.000000000000000000e+01,1.000000000000000056e-01,1.000000000000000056e-01,2.000000000000000000e+01,5.000000000000000000e+02,1.739130434782608647e-01
6.000000000000000000e+00,1.000000000000000000e+03,5.000000000000000000e+02,5.000000000000000000e+01,1.000000000000000056e-01,1.000000000000000056e-01,3.000000000000000000e+01,5.000000000000000000e+02,2.173913043478260532e-01
6.000000000000000000e+00,1.000000000000000000e+03,5.000000000000000000e+02,5.000000000000000000e+01,1.000000000000000056e-01,1.000000000000000056e-01,4.000000000000000000e+01,5.000000000000000000e+02,2.173913043478260532e-01
6.000000000000000000e+00,1.000000000000000000e+03,5.000000000000000000e+02,5.000000000000000000e+01,1.000000000000000056e-01,1.000000000000000056e-01,6.000000000000000000e+01,5.000000000000000000e+02,2.391304347826086474e-01
6.000000000000000000e+00,1.000000000000000000e+03,5.000000000000000000e+02,5.000000000000000000e+01,1.000000000000000056e-01,2.000000000000000111e-01,2.000000000000000000e+01,2.500000000000000000e+02,2.526315789473684292e-01
6.000000000000000000e+00,1.000000000000000000e+03,5.000000000000000000e+02,5.000000000000000000e+01,1.000000000000000056e-01,2.000000000000000111e-01,3.000000000000000000e+01,2.500000000000000000e+02,3.473684210526315486e-01
6.000000000000000000e+00,1.000000000000000000e+03,5.000000000000000000e+02,5.000000000000000000e+01,1.000000000000000056e-01,2.000000000000000111e-01,4.000000000000000000e+01,2.500000000000000000e+02,3.578947368421052655e-01
1.600000000000000000e+01,1.000000000000000000e+03,5.000000000000000000e+02,5.000000000000000000e+01,4.000000000000000222e-01,2.000000000000000111e-01,6.000000000000000000e+01,2.500000000000000000e+02,1.020408163265306145e-01
6.000000000000000000e+00,1.000000000000000000e+03,5.000000000000000000e+02,5.000000000000000000e+01,1.000000000000000056e-01,2.000000000000000111e-01,6.000000000000000000e+01,2.500000000000000000e+02,3.684210526315789824e-01
6.000000000000000000e+00,1.000000000000000000e+03,5.000000000000000000e+02,5.000000000000000000e+01,1.000000000000000056e-01,2.000000000000000111e-01,2.000000000000000000e+01,5.000000000000000000e+02,2.210526315789473895e-01
6.000000000000000000e+00,1.000000000000000000e+03,5.000000000000000000e+02,5.000000000000000000e+01,1.000000000000000056e-01,2.000000000000000111e-01,3.000000000000000000e+01,5.000000000000000000e+02,1.789473684210526327e-01
6.000000000000000000e+00,1.000000000000000000e+03,5.000000000000000000e+02,5.000000000000000000e+01,1.000000000000000056e-01,2.000000000000000111e-01,4.000000000000000000e+01,5.000000000000000000e+02,1.578947368421053099e-01
6.000000000000000000e+00,1.000000000000000000e+03,5.000000000000000000e+02,5.000000000000000000e+01,1.000000000000000056e-01,2.000000000000000111e-01,6.000000000000000000e+01,5.000000000000000000e+02,4.947368421052631415e-01
6.000000000000000000e+00,1.000000000000000000e+03,5.000000000000000000e+02,5.000000000000000000e+01,1.000000000000000056e-01,4.000000000000000222e-01,2.000000000000000000e+01,2.500000000000000000e+02,2.716763005780347129e-01
1.600000000000000000e+01,1.000000000000000000e+03,5.000000000000000000e+02,5.000000000000000000e+01,4.000000000000000222e-01,2.000000000000000111e-01,2.000000000000000000e+01,5.000000000000000000e+02,5.102040816326525174e-02
6.000000000000000000e+00,1.000000000000000000e+03,5.000000000000000000e+02,5.000000000000000000e+01,1.000000000000000056e-01,4.000000000000000222e-01,3.000000000000000000e+01,2.500000000000000000e+02,2.716763005780347129e-01
6.000000000000000000e+00,1.000000000000000000e+03,5.000000000000000000e+02,5.000000000000000000e+01,1.000000000000000056e-01,4.000000000000000222e-01,4.000000000000000000e+01,2.500000000000000000e+02,2.658959537572254117e-01
2.600000000000000000e+01,1.000000000000000000e+03,5.000000000000000000e+02,5.000000000000000000e+01,4.000000000000000222e-01,2.000000000000000111e-01,6.000000000000000000e+01,2.500000000000000000e+02,1.041666666666666297e-01
6.000000000000000000e+00,1.000000000000000000e+03,5.000000000000000000e+02,5.000000000000000000e+01,1.000000000000000056e-01,4.000000000000000222e-01,6.000000000000000000e+01,2.500000000000000000e+02,2.832369942196532042e-01
1.600000000000000000e+01,1.000000000000000000e+03,5.000000000000000000e+02,5.000000000000000000e+01,4.000000000000000222e-01,2.000000000000000111e-01,3.000000000000000000e+01,5.000000000000000000e+02,5.102040816326525174e-02
6.000000000000000000e+00,1.000000000000000000e+03,5.000000000000000000e+02,5.000000000000000000e+01,1.000000000000000056e-01,4.000000000000000222e-01,2.000000000000000000e+01,5.000000000000000000e+02,3.236994219653178684e-01
6.000000000000000000e+00,1.000000000000000000e+03,5.000000000000000000e+02,5.000000000000000000e+01,1.000000000000000056e-01,4.000000000000000222e-01,3.000000000000000000e+01,5.000000000000000000e+02,5.433526011560694258e-01
6.000000000000000000e+00,1.000000000000000000e+03,5.000000000000000000e+02,5.000000000000000000e+01,1.000000000000000056e-01,4.000000000000000222e-01,4.000000000000000000e+01,5.000000000000000000e+02,3.236994219653178684e-01
1.600000000000000000e+01,1.000000000000000000e+03,5.000000000000000000e+02,5.000000000000000000e+01,4.000000000000000222e-01,2.000000000000000111e-01,4.000000000000000000e+01,5.000000000000000000e+02,5.102040816326525174e-02
6.000000000000000000e+00,1.000000000000000000e+03,5.000000000000000000e+02,5.000000000000000000e+01,1.000000000000000056e-01,4.000000000000000222e-01,6.000000000000000000e+01,5.000000000000000000e+02,3.179190751445086782e-01
6.000000000000000000e+00,1.000000000000000000e+03,5.000000000000000000e+02,5.000000000000000000e+01,2.000000000000000111e-01,1.000000000000000056e-01,2.000000000000000000e+01,2.500000000000000000e+02,5.000000000000000000e-01
2.600000000000000000e+01,1.000000000000000000e+03,5.000000000000000000e+02,5.000000000000000000e+01,4.000000000000000222e-01,2.000000000000000111e-01,2.000000000000000000e+01,5.000000000000000000e+02,7.291666666666662966e-02
6.000000000000000000e+00,1.000000000000000000e+03,5.000000000000000000e+02,5.000000000000000000e+01,2.000000000000000111e-01,1.000000000000000056e-01,3.000000000000000000e+01,2.500000000000000000e+02,5.600000000000000533e-01
6.000000000000000000e+00,1.000000000000000000e+03,5.000000000000000000e+02,5.000000000000000000e+01,2.000000000000000111e-01,1.000000000000000056e-01,4.000000000000000000e+01,2.500000000000000000e+02,4.799999999999999822e-01
6.000000000000000000e+00,1.000000000000000000e+03,5.000000000000000000e+02,5.000000000000000000e+01,2.000000000000000111e-01,1.000000000000000056e-01,6.000000000000000000e+01,2.500000000000000000e+02,2.800000000000000266e-01
6.000000000000000000e+00,1.000000000000000000e+03,5.000000000000000000e+02,5.000000000000000000e+01,2.000000000000000111e-01,1.000000000000000056e-01,2.000000000000000000e+01,5.000000000000000000e+02,1.400000000000000133e-01
6.000000000000000000e+00,1.000000000000000000e+03,5.000000000000000000e+02,5.000000000000000000e+01,2.000000000000000111e-01,1.000000000000000056e-01,3.000000000000000000e+01,5.000000000000000000e+02,1.999999999999999556e-01
2.600000000000000000e+01,1.000000000000000000e+03,5.000000000000000000e+02,5.000000000000000000e+01,4.000000000000000222e-01,2.000000000000000111e-01,3.000000000000000000e+01,5.000000000000000000e+02,8.333333333333337034e-02
6.000000000000000000e+00,1.000000000000000000e+03,5.000000000000000000e+02,5.000000000000000000e+01,2.000000000000000111e-01,1.000000000000000056e-01,4.000000000000000000e+01,5.000000000000000000e+02,1.999999999999999556e-01
6.000000000000000000e+00,1.000000000000000000e+03,5.000000000000000000e+02,5.000000000000000000e+01,2.000000000000000111e-01,1.000000000000000056e-01,6.000000000000000000e+01,5.000000000000000000e+02,2.399999999999999911e-01
1.600000000000000000e+01,1.000000000000000000e+03,5.000000000000000000e+02,5.000000000000000000e+01,4.000000000000000222e-01,2.000000000000000111e-01,6.000000000000000000e+01,5.000000000000000000e+02,5.102040816326525174e-02
2.600000000000000000e+01,1.000000000000000000e+03,5.000000000000000000e+02,5.000000000000000000e+01,4.000000000000000222e-01,2.000000000000000111e-01,4.000000000000000000e+01,5.000000000000000000e+02,9.375000000000000000e-02
6.000000000000000000e+00,1.000000000000000000e+03,5.000000000000000000e+02,5.000000000000000000e+01,2.000000000000000111e-01,2.000000000000000111e-01,2.000000000000000000e+01,2.500000000000000000e+02,1.122448979591836871e-01
6.000000000000000000e+00,1.000000000000000000e+03,5.000000000000000000e+02,5.000000000000000000e+01,2.000000000000000111e-01,2.000000000000000111e-01,3.000000000000000000e+01,2.500000000000000000e+02,1.122448979591836871e-01
2.600000000000000000e+01,1.000000000000000000e+03,5.000000000000000000e+02,5.000000000000000000e+01,4.000000000000000222e-01,2.000000000000000111e-01,6.000000000000000000e+01,5.000000000000000000e+02,1.145833333333333703e-01
6.000000000000000000e+00,1.000000000000000000e+03,5.000000000000000000e+02,5.000000000000000000e+01,2.000000000000000111e-01,2.000000000000000111e-01,4.000000000000000000e+01,2.500000000000000000e+02,1.224489795918367596e-01
6.000000000000000000e+00,1.000000000000000000e+03,5.000000000000000000e+02,5.000000000000000000e+01,2.000000000000000111e-01,2.000000000000000111e-01,6.000000000000000000e+01,2.500000000000000000e+02,1.326530612244898322e-01
6.000000000000000000e+00,1.000000000000000000e+03,5.000000000000000000e+02,5.000000000000000000e+01,2.000000000000000111e-01,2.000000000000000111e-01,2.000000000000000000e+01,5.000000000000000000e+02,1.020408163265306145e-01
6.000000000000000000e+00,1.000000000000000000e+03,5.000000000000000000e+02,5.000000000000000000e+01,2.000000000000000111e-01,2.000000000000000111e-01,3.000000000000000000e+01,5.000000000000000000e+02,1.020408163265306145e-01
6.000000000000000000e+00,1.000000000000000000e+03,5.000000000000000000e+02,5.000000000000000000e+01,2.000000000000000111e-01,2.000000000000000111e-01,4.000000000000000000e+01,5.000000000000000000e+02,1.020408163265306145e-01
6.000000000000000000e+00,1.000000000000000000e+03,5.000000000000000000e+02,5.000000000000000000e+01,2.000000000000000111e-01,2.000000000000000111e-01,6.000000000000000000e+01,5.000000000000000000e+02,1.224489795918367596e-01
1.600000000000000000e+01,1.000000000000000000e+03,5.000000000000000000e+02,5.000000000000000000e+01,4.000000000000000222e-01,4.000000000000000222e-01,2.000000000000000000e+01,2.500000000000000000e+02,4.712041884816753345e-02
2.600000000000000000e+01,1.000000000000000000e+03,5.000000000000000000e+02,5.000000000000000000e+01,4.000000000000000222e-01,4.000000000000000222e-01,2.000000000000000000e+01,2.500000000000000000e+02,7.567567567567567988e-02
6.000000000000000000e+00,1.000000000000000000e+03,5.000000000000000000e+02,5.000000000000000000e+01,2.000000000000000111e-01,4.000000000000000222e-01,2.000000000000000000e+01,2.500000000000000000e+02,1.451612903225806273e-01
1.600000000000000000e+01,1.000000000000000000e+03,5.000000000000000000e+02,5.000000000000000000e+01,4.000000000000000222e-01,4.000000000000000222e-01,3.000000000000000000e+01,2.500000000000000000e+02,6.806282722513090633e-02
2.600000000000000000e+01,1.000000000000000000e+03,5.000000000000000000e+02,5.000000000000000000e+01,4.000000000000000222e-01,4.000000000000000222e-01,3.000000000000000000e+01,2.500000000000000000e+02,1.135135135135134643e-01
6.000000000000000000e+00,1.000000000000000000e+03,5.000000000000000000e+02,5.000000000000000000e+01,2.000000000000000111e-01,4.000000000000000222e-01,3.000000000000000000e+01,2.500000000000000000e+02,1.559139784946236285e-01
2.600000000000000000e+01,1.000000000000000000e+03,5.000000000000000000e+02,5.000000000000000000e+01,4.000000000000000222e-01,4.000000000000000222e-01,4.000000000000000000e+01,2.500000000000000000e+02,1.297297297297297369e-01
1.600000000000000000e+01,1.000000000000000000e+03,5.000000000000000000e+02,5.000000000000000000e+01,4.000000000000000222e-01,4.000000000000000222e-01,4.000000000000000000e+01,2.500000000000000000e+02,7.329842931937169404e-02
6.000000000000000000e+00,1.000000000000000000e+03,5.000000000000000000e+02,5.000000000000000000e+01,2.000000000000000111e-01,4.000000000000000222e-01,4.000000000000000000e+01,2.500000000000000000e+02,1.612903225806451291e-01
6.000000000000000000e+00,1.000000000000000000e+03,5.000000000000000000e+02,5.000000000000000000e+01,2.000000000000000111e-01,4.000000000000000222e-01,6.000000000000000000e+01,2.500000000000000000e+02,1.666666666666666297e-01
2.600000000000000000e+01,1.000000000000000000e+03,5.000000000000000000e+02,5.000000000000000000e+01,4.000000000000000222e-01,4.000000000000000222e-01,6.000000000000000000e+01,2.500000000000000000e+02,1.405405405405405483e-01
6.000000000000000000e+00,1.000000000000000000e+03,5.000000000000000000e+02,5.000000000000000000e+01,2.000000000000000111e-01,4.000000000000000222e-01,2.000000000000000000e+01,5.000000000000000000e+02,1.236559139784946248e-01
6.000000000000000000e+00,1.000000000000000000e+03,5.000000000000000000e+02,5.000000000000000000e+01,2.000000000000000111e-01,4.000000000000000222e-01,3.000000000000000000e+01,5.000000000000000000e+02,1.720430107526881303e-01
2.600000000000000000e+01,1.000000000000000000e+03,5.000000000000000000e+02,5.000000000000000000e+01,4.000000000000000222e-01,4.000000000000000222e-01,2.000000000000000000e+01,5.000000000000000000e+02,1.135135135135134643e-01
6.000000000000000000e+00,1.000000000000000000e+03,5.000000000000000000e+02,5.000000000000000000e+01,2.000000000000000111e-01,4.000000000000000222e-01,4.000000000000000000e+01,5.000000000000000000e+02,1.612903225806451291e-01
2.600000000000000000e+01,1.000000000000000000e+03,5.000000000000000000e+02,5.000000000000000000e+01,4.000000000000000222e-01,4.000000000000000222e-01,3.000000000000000000e+01,5.000000000000000000e+02,1.189189189189189255e-01
1.600000000000000000e+01,1.000000000000000000e+03,5.000000000000000000e+02,5.000000000000000000e+01,4.000000000000000222e-01,4.000000000000000222e-01,6.000000000000000000e+01,2.500000000000000000e+02,7.853403141361259276e-02
2.600000000000000000e+01,1.000000000000000000e+03,5.000000000000000000e+02,5.000000000000000000e+01,4.000000000000000222e-01,4.000000000000000222e-01,4.000000000000000000e+01,5.000000000000000000e+02,1.027027027027026529e-01
6.000000000000000000e+00,1.000000000000000000e+03,5.000000000000000000e+02,5.000000000000000000e+01,2.000000000000000111e-01,4.000000000000000222e-01,6.000000000000000000e+01,5.000000000000000000e+02,1.666666666666666297e-01
2.600000000000000000e+01,1.000000000000000000e+03,5.000000000000000000e+02,5.000000000000000000e+01,4.000000000000000222e-01,4.000000000000000222e-01,6.000000000000000000e+01,5.000000000000000000e+02,1.081081081081081141e-01
1.600000000000000000e+01,1.000000000000000000e+03,5.000000000000000000e+02,5.000000000000000000e+01,4.000000000000000222e-01,4.000000000000000222e-01,2.000000000000000000e+01,5.000000000000000000e+02,6.282722513089000760e-02
6.000000000000000000e+00,1.000000000000000000e+03,5.000000000000000000e+02,5.000000000000000000e+01,4.000000000000000222e-01,1.000000000000000056e-01,2.000000000000000000e+01,2.500000000000000000e+02,6.382978723404253429e-02
1.600000000000000000e+01,1.000000000000000000e+03,5.000000000000000000e+02,5.000000000000000000e+01,4.000000000000000222e-01,4.000000000000000222e-01,3.000000000000000000e+01,5.000000000000000000e+02,6.806282722513090633e-02
6.000000000000000000e+00,1.000000000000000000e+03,5.000000000000000000e+02,5.000000000000000000e+01,4.000000000000000222e-01,1.000000000000000056e-01,3.000000000000000000e+01,2.500000000000000000e+02,6.382978723404253429e-02
1.600000000000000000e+01,1.000000000000000000e+03,5.000000000000000000e+02,5.000000000000000000e+01,4.000000000000000222e-01,4.000000000000000222e-01,4.000000000000000000e+01,5.000000000000000000e+02,7.853403141361259276e-02
6.000000000000000000e+00,1.000000000000000000e+03,5.000000000000000000e+02,5.000000000000000000e+01,4.000000000000000222e-01,1.000000000000000056e-01,4.000000000000000000e+01,2.500000000000000000e+02,6.382978723404253429e-02
1.600000000000000000e+01,1.000000000000000000e+03,5.000000000000000000e+02,5.000000000000000000e+01,4.000000000000000222e-01,4.000000000000000222e-01,6.000000000000000000e+01,5.000000000000000000e+02,8.376963350785338047e-02
1.700000000000000000e+01,1.000000000000000000e+03,5.000000000000000000e+02,5.000000000000000000e+01,1.000000000000000056e-01,1.000000000000000056e-01,2.000000000000000000e+01,2.500000000000000000e+02,5.106382978723404964e-01
1.700000000000000000e+01,1.000000000000000000e+03,5.000000000000000000e+02,5.000000000000000000e+01,1.000000000000000056e-01,1.000000000000000056e-01,3.000000000000000000e+01,2.500000000000000000e+02,5.744680851063830307e-01
6.000000000000000000e+00,1.000000000000000000e+03,5.000000000000000000e+02,5.000000000000000000e+01,4.000000000000000222e-01,1.000000000000000056e-01,6.000000000000000000e+01,2.500000000000000000e+02,6.382978723404253429e-02
1.700000000000000000e+01,1.000000000000000000e+03,5.000000000000000000e+02,5.000000000000000000e+01,1.000000000000000056e-01,1.000000000000000056e-01,4.000000000000000000e+01,2.500000000000000000e+02,6.808510638297872175e-01
1.700000000000000000e+01,1.000000000000000000e+03,5.000000000000000000e+02,5.000000000000000000e+01,1.000000000000000056e-01,1.000000000000000056e-01,6.000000000000000000e+01,2.500000000000000000e+02,7.446808510638298628e-01
1.700000000000000000e+01,1.000000000000000000e+03,5.000000000000000000e+02,5.000000000000000000e+01,1.000000000000000056e-01,1.000000000000000056e-01,2.000000000000000000e+01,5.000000000000000000e+02,2.127659574468084847e-01
1.700000000000000000e+01,1.000000000000000000e+03,5.000000000000000000e+02,5.000000000000000000e+01,1.000000000000000056e-01,1.000000000000000056e-01,3.000000000000000000e+01,5.000000000000000000e+02,2.553191489361702482e-01
1.700000000000000000e+01,1.000000000000000000e+03,5.000000000000000000e+02,5.000000000000000000e+01,1.000000000000000056e-01,1.000000000000000056e-01,4.000000000000000000e+01,5.000000000000000000e+02,2.553191489361702482e-01
1.700000000000000000e+01,1.000000000000000000e+03,5.000000000000000000e+02,5.000000000000000000e+01,1.000000000000000056e-01,1.000000000000000056e-01,6.000000000000000000e+01,5.000000000000000000e+02,3.404255319148936643e-01
6.000000000000000000e+00,1.000000000000000000e+03,5.000000000000000000e+02,5.000000000000000000e+01,4.000000000000000222e-01,1.000000000000000056e-01,2.000000000000000000e+01,5.000000000000000000e+02,4.255319148936165252e-02
1.700000000000000000e+01,1.000000000000000000e+03,5.000000000000000000e+02,5.000000000000000000e+01,1.000000000000000056e-01,2.000000000000000111e-01,2.000000000000000000e+01,2.500000000000000000e+02,2.065217391304348116e-01
6.000000000000000000e+00,1.000000000000000000e+03,5.000000000000000000e+02,5.000000000000000000e+01,4.000000000000000222e-01,1.000000000000000056e-01,3.000000000000000000e+01,5.000000000000000000e+02,6.382978723404253429e-02
1.700000000000000000e+01,1.000000000000000000e+03,5.000000000000000000e+02,5.000000000000000000e+01,1.000000000000000056e-01,2.000000000000000111e-01,3.000000000000000000e+01,2.500000000000000000e+02,3.152173913043477826e-01
1.700000000000000000e+01,1.000000000000000000e+03,5.000000000000000000e+02,5.000000000000000000e+01,1.000000000000000056e-01,2.000000000000000111e-01,4.000000000000000000e+01,2.500000000000000000e+02,3.152173913043477826e-01
6.000000000000000000e+00,1.000000000000000000e+03,5.000000000000000000e+02,5.000000000000000000e+01,4.000000000000000222e-01,1.000000000000000056e-01,4.000000000000000000e+01,5.000000000000000000e+02,6.382978723404253429e-02
1.700000000000000000e+01,1.000000000000000000e+03,5.000000000000000000e+02,5.000000000000000000e+01,1.000000000000000056e-01,2.000000000000000111e-01,6.000000000000000000e+01,2.500000000000000000e+02,3.695652173913043237e-01
1.700000000000000000e+01,1.000000000000000000e+03,5.000000000000000000e+02,5.000000000000000000e+01,1.000000000000000056e-01,2.000000000000000111e-01,2.000000000000000000e+01,5.000000000000000000e+02,2.282608695652174058e-01
1.700000000000000000e+01,1.000000000000000000e+03,5.000000000000000000e+02,5.000000000000000000e+01,1.000000000000000056e-01,2.000000000000000111e-01,3.000000000000000000e+01,5.000000000000000000e+02,3.913043478260869179e-01
1.700000000000000000e+01,1.000000000000000000e+03,5.000000000000000000e+02,5.000000000000000000e+01,1.000000000000000056e-01,2.000000000000000111e-01,4.000000000000000000e+01,5.000000000000000000e+02,2.934782608695651884e-01
1.700000000000000000e+01,1.000000000000000000e+03,5.000000000000000000e+02,5.000000000000000000e+01,1.000000000000000056e-01,2.000000000000000111e-01,6.000000000000000000e+01,5.000000000000000000e+02,2.826086956521739468e-01
2.700000000000000000e+01,1.000000000000000000e+03,5.000000000000000000e+02,5.000000000000000000e+01,1.000000000000000056e-01,1.000000000000000056e-01,2.000000000000000000e+01,2.500000000000000000e+02,1.304347826086956763e-01
6.000000000000000000e+00,1.000000000000000000e+03,5.000000000000000000e+02,5.000000000000000000e+01,4.000000000000000222e-01,1.000000000000000056e-01,6.000000000000000000e+01,5.000000000000000000e+02,6.382978723404253429e-02
1.700000000000000000e+01,1.000000000000000000e+03,5.000000000000000000e+02,5.000000000000000000e+01,1.000000000000000056e-01,4.000000000000000222e-01,2.000000000000000000e+01,2.500000000000000000e+02,1.853932584269663009e-01
1.700000000000000000e+01,1.000000000000000000e+03,5.000000000000000000e+02,5.000000000000000000e+01,1.000000000000000056e-01,4.000000000000000222e-01,3.000000000000000000e+01,2.500000000000000000e+02,1.910112359550562022e-01
1.700000000000000000e+01,1.000000000000000000e+03,5.000000000000000000e+02,5.000000000000000000e+01,1.000000000000000056e-01,4.000000000000000222e-01,4.000000000000000000e+01,2.500000000000000000e+02,1.853932584269663009e-01
1.700000000000000000e+01,1.000000000000000000e+03,5.000000000000000000e+02,5.000000000000000000e+01,1.000000000000000056e-01,4.000000000000000222e-01,6.000000000000000000e+01,2.500000000000000000e+02,1.966292134831461036e-01
1.700000000000000000e+01,1.000000000000000000e+03,5.000000000000000000e+02,5.000000000000000000e+01,1.000000000000000056e-01,4.000000000000000222e-01,2.000000000000000000e+01,5.000000000000000000e+02,3.146067415730336991e-01
1.700000000000000000e+01,1.000000000000000000e+03,5.000000000000000000e+02,5.000000000000000000e+01,1.000000000000000056e-01,4.000000000000000222e-01,3.000000000000000000e+01,5.000000000000000000e+02,2.640449438202246979e-01
1.700000000000000000e+01,1.000000000000000000e+03,5.000000000000000000e+02,5.000000000000000000e+01,1.000000000000000056e-01,4.000000000000000222e-01,4.000000000000000000e+01,5.000000000000000000e+02,2.640449438202246979e-01
6.000000000000000000e+00,1.000000000000000000e+03,5.000000000000000000e+02,5.000000000000000000e+01,4.000000000000000222e-01,2.000000000000000111e-01,2.000000000000000000e+01,2.500000000000000000e+02,7.070707070707071829e-02
1.700000000000000000e+01,1.000000000000000000e+03,5.000000000000000000e+02,5.000000000000000000e+01,1.000000000000000056e-01,4.000000000000000222e-01,6.000000000000000000e+01,5.000000000000000000e+02,2.696629213483145993e-01
1.700000000000000000e+01,1.000000000000000000e+03,5.000000000000000000e+02,5.000000000000000000e+01,2.000000000000000111e-01,1.000000000000000056e-01,2.000000000000000000e+01,2.500000000000000000e+02,2.040816326530612290e-01
1.700000000000000000e+01,1.000000000000000000e+03,5.000000000000000000e+02,5.000000000000000000e+01,2.000000000000000111e-01,1.000000000000000056e-01,3.000000000000000000e+01,2.500000000000000000e+02,2.244897959183673741e-01
6.000000000000000000e+00,1.000000000000000000e+03,5.000000000000000000e+02,5.000000000000000000e+01,4.000000000000000222e-01,2.000000000000000111e-01,3.000000000000000000e+01,2.500000000000000000e+02,7.070707070707071829e-02
1.700000000000000000e+01,1.000000000000000000e+03,5.000000000000000000e+02,5.000000000000000000e+01,2.000000000000000111e-01,1.000000000000000056e-01,4.000000000000000000e+01,2.500000000000000000e+02,2.244897959183673741e-01
1.700000000000000000e+01,1.000000000000000000e+03,5.000000000000000000e+02,5.000000000000000000e+01,2.000000000000000111e-01,1.000000000000000056e-01,6.000000000000000000e+01,2.500000000000000000e+02,2.244897959183673741e-01
1.700000000000000000e+01,1.000000000000000000e+03,5.000000000000000000e+02,5.000000000000000000e+01,2.000000000000000111e-01,1.000000000000000056e-01,2.000000000000000000e+01,5.000000000000000000e+02,2.653061224489795533e-01
1.700000000000000000e+01,1.000000000000000000e+03,5.000000000000000000e+02,5.000000000000000000e+01,2.000000000000000111e-01,1.000000000000000056e-01,3.000000000000000000e+01,5.000000000000000000e+02,2.857142857142856984e-01
6.000000000000000000e+00,1.000000000000000000e+03,5.000000000000000000e+02,5.000000000000000000e+01,4.000000000000000222e-01,2.000000000000000111e-01,4.000000000000000000e+01,2.500000000000000000e+02,7.070707070707071829e-02
1.700000000000000000e+01,1.000000000000000000e+03,5.000000000000000000e+02,5.000000000000000000e+01,2.000000000000000111e-01,1.000000000000000056e-01,4.000000000000000000e+01,5.000000000000000000e+02,2.857142857142856984e-01
1.700000000000000000e+01,1.000000000000000000e+03,5.000000000000000000e+02,5.000000000000000000e+01,2.000000000000000111e-01,1.000000000000000056e-01,6.000000000000000000e+01,5.000000000000000000e+02,2.857142857142856984e-01
2.700000000000000000e+01,1.000000000000000000e+03,5.000000000000000000e+02,5.000000000000000000e+01,1.000000000000000056e-01,1.000000000000000056e-01,3.000000000000000000e+01,2.500000000000000000e+02,1.304347826086956763e-01
6.000000000000000000e+00,1.000000000000000000e+03,5.000000000000000000e+02,5.000000000000000000e+01,4.000000000000000222e-01,2.000000000000000111e-01,6.000000000000000000e+01,2.500000000000000000e+02,7.070707070707071829e-02
6.000000000000000000e+00,1.000000000000000000e+03,5.000000000000000000e+02,5.000000000000000000e+01,4.000000000000000222e-01,2.000000000000000111e-01,2.000000000000000000e+01,5.000000000000000000e+02,1.111111111111111605e-01
6.000000000000000000e+00,1.000000000000000000e+03,5.000000000000000000e+02,5.000000000000000000e+01,4.000000000000000222e-01,2.000000000000000111e-01,3.000000000000000000e+01,5.000000000000000000e+02,1.212121212121212155e-01
6.000000000000000000e+00,1.000000000000000000e+03,5.000000000000000000e+02,5.000000000000000000e+01,4.000000000000000222e-01,2.000000000000000111e-01,4.000000000000000000e+01,5.000000000000000000e+02,1.414141414141414366e-01
6.000000000000000000e+00,1.000000000000000000e+03,5.000000000000000000e+02,5.000000000000000000e+01,4.000000000000000222e-01,2.000000000000000111e-01,6.000000000000000000e+01,5.000000000000000000e+02,1.515151515151514916e-01
2.700000000000000000e+01,1.000000000000000000e+03,5.000000000000000000e+02,5.000000000000000000e+01,1.000000000000000056e-01,1.000000000000000056e-01,4.000000000000000000e+01,2.500000000000000000e+02,1.304347826086956763e-01
1.700000000000000000e+01,1.000000000000000000e+03,5.000000000000000000e+02,5.000000000000000000e+01,2.000000000000000111e-01,2.000000000000000111e-01,2.000000000000000000e+01,2.500000000000000000e+02,3.125000000000000000e-02
1.700000000000000000e+01,1.000000000000000000e+03,5.000000000000000000e+02,5.000000000000000000e+01,2.000000000000000111e-01,2.000000000000000111e-01,3.000000000000000000e+01,2.500000000000000000e+02,4.166666666666662966e-02
6.000000000000000000e+00,1.000000000000000000e+03,5.000000000000000000e+02,5.000000000000000000e+01,4.000000000000000222e-01,4.000000000000000222e-01,2.000000000000000000e+01,2.500000000000000000e+02,1.005291005291005790e-01
2.700000000000000000e+01,1.000000000000000000e+03,5.000000000000000000e+02,5.000000000000000000e+01,1.000000000000000056e-01,1.000000000000000056e-01,6.000000000000000000e+01,2.500000000000000000e+02,1.304347826086956763e-01
1.700000000000000000e+01,1.000000000000000000e+03,5.000000000000000000e+02,5.000000000000000000e+01,2.000000000000000111e-01,2.000000000000000111e-01,4.000000000000000000e+01,2.500000000000000000e+02,4.166666666666662966e-02
2.700000000000000000e+01,1.000000000000000000e+03,5.000000000000000000e+02,5.000000000000000000e+01,1.000000000000000056e-01,1.000000000000000056e-01,2.000000000000000000e+01,5.000000000000000000e+02,1.739130434782608647e-01
6.000000000000000000e+00,1.000000000000000000e+03,5.000000000000000000e+02,5.000000000000000000e+01,4.000000000000000222e-01,4.000000000000000222e-01,3.000000000000000000e+01,2.500000000000000000e+02,1.111111111111111605e-01
2.700000000000000000e+01,1.000000000000000000e+03,5.000000000000000000e+02,5.000000000000000000e+01,1.000000000000000056e-01,1.000000000000000056e-01,3.000000000000000000e+01,5.000000000000000000e+02,1.739130434782608647e-01
2.700000000000000000e+01,1.000000000000000000e+03,5.000000000000000000e+02,5.000000000000000000e+01,1.000000000000000056e-01,1.000000000000000056e-01,4.000000000000000000e+01,5.000000000000000000e+02,1.739130434782608647e-01
2.700000000000000000e+01,1.000000000000000000e+03,5.000000000000000000e+02,5.000000000000000000e+01,1.000000000000000056e-01,1.000000000000000056e-01,6.000000000000000000e+01,5.000000000000000000e+02,2.608695652173913526e-01
2.700000000000000000e+01,1.000000000000000000e+03,5.000000000000000000e+02,5.000000000000000000e+01,1.000000000000000056e-01,2.000000000000000111e-01,2.000000000000000000e+01,2.500000000000000000e+02,2.872340425531915153e-01
2.700000000000000000e+01,1.000000000000000000e+03,5.000000000000000000e+02,5.000000000000000000e+01,1.000000000000000056e-01,2.000000000000000111e-01,3.000000000000000000e+01,2.500000000000000000e+02,2.978723404255319007e-01
2.700000000000000000e+01,1.000000000000000000e+03,5.000000000000000000e+02,5.000000000000000000e+01,1.000000000000000056e-01,2.000000000000000111e-01,4.000000000000000000e+01,2.500000000000000000e+02,2.659574468085106336e-01
6.000000000000000000e+00,1.000000000000000000e+03,5.000000000000000000e+02,5.000000000000000000e+01,4.000000000000000222e-01,4.000000000000000222e-01,4.000000000000000000e+01,2.500000000000000000e+02,1.164021164021163957e-01
2.700000000000000000e+01,1.000000000000000000e+03,5.000000000000000000e+02,5.000000000000000000e+01,1.000000000000000056e-01,2.000000000000000111e-01,6.000000000000000000e+01,2.500000000000000000e+02,3.085106382978722861e-01
2.700000000000000000e+01,1.000000000000000000e+03,5.000000000000000000e+02,5.000000000000000000e+01,1.000000000000000056e-01,2.000000000000000111e-01,2.000000000000000000e+01,5.000000000000000000e+02,2.340425531914893664e-01
2.700000000000000000e+01,1.000000000000000000e+03,5.000000000000000000e+02,5.000000000000000000e+01,1.000000000000000056e-01,2.000000000000000111e-01,3.000000000000000000e+01,5.000000000000000000e+02,2.765957446808510189e-01
2.700000000000000000e+01,1.000000000000000000e+03,5.000000000000000000e+02,5.000000000000000000e+01,1.000000000000000056e-01,2.000000000000000111e-01,4.000000000000000000e+01,5.000000000000000000e+02,2.872340425531915153e-01
2.700000000000000000e+01,1.000000000000000000e+03,5.000000000000000000e+02,5.000000000000000000e+01,1.000000000000000056e-01,2.000000000000000111e-01,6.000000000000000000e+01,5.000000000000000000e+02,2.127659574468084847e-01
1.700000000000000000e+01,1.000000000000000000e+03,5.000000000000000000e+02,5.000000000000000000e+01,2.000000000000000111e-01,2.000000000000000111e-01,6.000000000000000000e+01,2.500000000000000000e+02,4.166666666666662966e-02
1.700000000000000000e+01,1.000000000000000000e+03,5.000000000000000000e+02,5.000000000000000000e+01,2.000000000000000111e-01,2.000000000000000111e-01,2.000000000000000000e+01,5.000000000000000000e+02,3.125000000000000000e-02
1.700000000000000000e+01,1.000000000000000000e+03,5.000000000000000000e+02,5.000000000000000000e+01,2.000000000000000111e-01,2.000000000000000111e-01,3.000000000000000000e+01,5.000000000000000000e+02,4.166666666666662966e-02
1.700000000000000000e+01,1.000000000000000000e+03,5.000000000000000000e+02,5.000000000000000000e+01,2.000000000000000111e-01,2.000000000000000111e-01,4.000000000000000000e+01,5.000000000000000000e+02,4.166666666666662966e-02
6.000000000000000000e+00,1.000000000000000000e+03,5.000000000000000000e+02,5.000000000000000000e+01,4.000000000000000222e-01,4.000000000000000222e-01,6.000000000000000000e+01,2.500000000000000000e+02,1.164021164021163957e-01
2.700000000000000000e+01,1.000000000000000000e+03,5.000000000000000000e+02,5.000000000000000000e+01,1.000000000000000056e-01,4.000000000000000222e-01,2.000000000000000000e+01,2.500000000000000000e+02,1.428571428571429047e-01
1.700000000000000000e+01,1.000000000000000000e+03,5.000000000000000000e+02,5.000000000000000000e+01,2.000000000000000111e-01,2.000000000000000111e-01,6.000000000000000000e+01,5.000000000000000000e+02,5.208333333333337034e-02
2.700000000000000000e+01,1.000000000000000000e+03,5.000000000000000000e+02,5.000000000000000000e+01,1.000000000000000056e-01,4.000000000000000222e-01,3.000000000000000000e+01,2.500000000000000000e+02,1.648351648351648047e-01
6.000000000000000000e+00,1.000000000000000000e+03,5.000000000000000000e+02,5.000000000000000000e+01,4.000000000000000222e-01,4.000000000000000222e-01,2.000000000000000000e+01,5.000000000000000000e+02,1.005291005291005790e-01
6.000000000000000000e+00,1.000000000000000000e+03,5.000000000000000000e+02,5.000000000000000000e+01,4.000000000000000222e-01,4.000000000000000222e-01,3.000000000000000000e+01,5.000000000000000000e+02,1.005291005291005790e-01
2.700000000000000000e+01,1.000000000000000000e+03,5.000000000000000000e+02,5.000000000000000000e+01,1.000000000000000056e-01,4.000000000000000222e-01,4.000000000000000000e+01,2.500000000000000000e+02,1.538461538461538547e-01
6.000000000000000000e+00,1.000000000000000000e+03,5.000000000000000000e+02,5.000000000000000000e+01,4.000000000000000222e-01,4.000000000000000222e-01,4.000000000000000000e+01,5.000000000000000000e+02,1.058201058201058142e-01
1.700000000000000000e+01,1.000000000000000000e+03,5.000000000000000000e+02,5.000000000000000000e+01,2.000000000000000111e-01,4.000000000000000222e-01,2.000000000000000000e+01,2.500000000000000000e+02,7.692307692307687184e-02
6.000000000000000000e+00,1.000000000000000000e+03,5.000000000000000000e+02,5.000000000000000000e+01,4.000000000000000222e-01,4.000000000000000222e-01,6.000000000000000000e+01,5.000000000000000000e+02,1.005291005291005790e-01
1.700000000000000000e+01,1.000000000000000000e+03,5.000000000000000000e+02,5.000000000000000000e+01,2.000000000000000111e-01,4.000000000000000222e-01,3.000000000000000000e+01,2.500000000000000000e+02,7.142857142857139685e-02
7.000000000000000000e+00,1.000000000000000000e+03,5.000000000000000000e+02,5.000000000000000000e+01,1.000000000000000056e-01,1.000000000000000056e-01,2.000000000000000000e+01,2.500000000000000000e+02,1.632653061224489388e-01
7.000000000000000000e+00,1.000000000000000000e+03,5.000000000000000000e+02,5.000000000000000000e+01,1.000000000000000056e-01,1.000000000000000056e-01,3.000000000000000000e+01,2.500000000000000000e+02,2.040816326530612290e-01
7.000000000000000000e+00,1.000000000000000000e+03,5.000000000000000000e+02,5.000000000000000000e+01,1.000000000000000056e-01,1.000000000000000056e-01,4.000000000000000000e+01,2.500000000000000000e+02,2.040816326530612290e-01
7.000000000000000000e+00,1.000000000000000000e+03,5.000000000000000000e+02,5.000000000000000000e+01,1.000000000000000056e-01,1.000000000000000056e-01,6.000000000000000000e+01,2.500000000000000000e+02,2.653061224489795533e-01
7.000000000000000000e+00,1.000000000000000000e+03,5.000000000000000000e+02,5.000000000000000000e+01,1.000000000000000056e-01,1.000000000000000056e-01,2.000000000000000000e+01,5.000000000000000000e+02,1.428571428571429047e-01
2.700000000000000000e+01,1.000000000000000000e+03,5.000000000000000000e+02,5.000000000000000000e+01,1.000000000000000056e-01,4.000000000000000222e-01,6.000000000000000000e+01,2.500000000000000000e+02,1.208791208791208938e-01
7.000000000000000000e+00,1.000000000000000000e+03,5.000000000000000000e+02,5.000000000000000000e+01,1.000000000000000056e-01,1.000000000000000056e-01,3.000000000000000000e+01,5.000000000000000000e+02,2.040816326530612290e-01
7.000000000000000000e+00,1.000000000000000000e+03,5.000000000000000000e+02,5.000000000000000000e+01,1.000000000000000056e-01,1.000000000000000056e-01,4.000000000000000000e+01,5.000000000000000000e+02,2.040816326530612290e-01
7.000000000000000000e+00,1.000000000000000000e+03,5.000000000000000000e+02,5.000000000000000000e+01,1.000000000000000056e-01,1.000000000000000056e-01,6.000000000000000000e+01,5.000000000000000000e+02,2.244897959183673741e-01
2.700000000000000000e+01,1.000000000000000000e+03,5.000000000000000000e+02,5.000000000000000000e+01,1.000000000000000056e-01,4.000000000000000222e-01,2.000000000000000000e+01,5.000000000000000000e+02,9.890109890109888280e-02
7.000000000000000000e+00,1.000000000000000000e+03,5.000000000000000000e+02,5.000000000000000000e+01,1.000000000000000056e-01,2.000000000000000111e-01,2.000000000000000000e+01,2.500000000000000000e+02,2.666666666666667185e-01
7.000000000000000000e+00,1.000000000000000000e+03,5.000000000000000000e+02,5.000000000000000000e+01,1.000000000000000056e-01,2.000000000000000111e-01,3.000000000000000000e+01,2.500000000000000000e+02,2.777777777777777901e-01
2.700000000000000000e+01,1.000000000000000000e+03,5.000000000000000000e+02,5.000000000000000000e+01,1.000000000000000056e-01,4.000000000000000222e-01,3.000000000000000000e+01,5.000000000000000000e+02,1.098901098901099438e-01
7.000000000000000000e+00,1.000000000000000000e+03,5.000000000000000000e+02,5.000000000000000000e+01,1.000000000000000056e-01,2.000000000000000111e-01,4.000000000000000000e+01,2.500000000000000000e+02,2.777777777777777901e-01
2.700000000000000000e+01,1.000000000000000000e+03,5.000000000000000000e+02,5.000000000000000000e+01,1.000000000000000056e-01,4.000000000000000222e-01,4.000000000000000000e+01,5.000000000000000000e+02,8.241758241758245784e-02
1.700000000000000000e+01,1.000000000000000000e+03,5.000000000000000000e+02,5.000000000000000000e+01,2.000000000000000111e-01,4.000000000000000222e-01,4.000000000000000000e+01,2.500000000000000000e+02,8.241758241758245784e-02
7.000000000000000000e+00,1.000000000000000000e+03,5.000000000000000000e+02,5.000000000000000000e+01,1.000000000000000056e-01,2.000000000000000111e-01,6.000000000000000000e+01,2.500000000000000000e+02,3.000000000000000444e-01
7.000000000000000000e+00,1.000000000000000000e+03,5.000000000000000000e+02,5.000000000000000000e+01,1.000000000000000056e-01,2.000000000000000111e-01,2.000000000000000000e+01,5.000000000000000000e+02,2.555555555555555358e-01
2.700000000000000000e+01,1.000000000000000000e+03,5.000000000000000000e+02,5.000000000000000000e+01,1.000000000000000056e-01,4.000000000000000222e-01,6.000000000000000000e+01,5.000000000000000000e+02,9.340659340659340781e-02
7.000000000000000000e+00,1.000000000000000000e+03,5.000000000000000000e+02,5.000000000000000000e+01,1.000000000000000056e-01,2.000000000000000111e-01,3.000000000000000000e+01,5.000000000000000000e+02,2.666666666666667185e-01
7.000000000000000000e+00,1.000000000000000000e+03,5.000000000000000000e+02,5.000000000000000000e+01,1.000000000000000056e-01,2.000000000000000111e-01,4.000000000000000000e+01,5.000000000000000000e+02,2.666666666666667185e-01
7.000000000000000000e+00,1.000000000000000000e+03,5.000000000000000000e+02,5.000000000000000000e+01,1.000000000000000056e-01,2.000000000000000111e-01,6.000000000000000000e+01,5.000000000000000000e+02,3.222222222222221877e-01
7.000000000000000000e+00,1.000000000000000000e+03,5.000000000000000000e+02,5.000000000000000000e+01,1.000000000000000056e-01,4.000000000000000222e-01,2.000000000000000000e+01,2.500000000000000000e+02,1.956521739130434590e-01
7.000000000000000000e+00,1.000000000000000000e+03,5.000000000000000000e+02,5.000000000000000000e+01,1.000000000000000056e-01,4.000000000000000222e-01,3.000000000000000000e+01,2.500000000000000000e+02,1.576086956521739468e-01
7.000000000000000000e+00,1.000000000000000000e+03,5.000000000000000000e+02,5.000000000000000000e+01,1.000000000000000056e-01,4.000000000000000222e-01,4.000000000000000000e+01,2.500000000000000000e+02,1.684782608695651884e-01
7.000000000000000000e+00,1.000000000000000000e+03,5.000000000000000000e+02,5.000000000000000000e+01,1.000000000000000056e-01,4.000000000000000222e-01,6.000000000000000000e+01,2.500000000000000000e+02,1.630434782608695121e-01
7.000000000000000000e+00,1.000000000000000000e+03,5.000000000000000000e+02,5.000000000000000000e+01,1.000000000000000056e-01,4.000000000000000222e-01,2.000000000000000000e+01,5.000000000000000000e+02,1.358695652173913526e-01
7.000000000000000000e+00,1.000000000000000000e+03,5.000000000000000000e+02,5.000000000000000000e+01,1.000000000000000056e-01,4.000000000000000222e-01,3.000000000000000000e+01,5.000000000000000000e+02,1.521739130434782705e-01
7.000000000000000000e+00,1.000000000000000000e+03,5.000000000000000000e+02,5.000000000000000000e+01,1.000000000000000056e-01,4.000000000000000222e-01,4.000000000000000000e+01,5.000000000000000000e+02,1.576086956521739468e-01
7.000000000000000000e+00,1.000000000000000000e+03,5.000000000000000000e+02,5.000000000000000000e+01,1.000000000000000056e-01,4.000000000000000222e-01,6.000000000000000000e+01,5.000000000000000000e+02,1.576086956521739468e-01
7.000000000000000000e+00,1.000000000000000000e+03,5.000000000000000000e+02,5.000000000000000000e+01,2.000000000000000111e-01,1.000000000000000056e-01,2.000000000000000000e+01,2.500000000000000000e+02,2.244897959183673741e-01
7.000000000000000000e+00,1.000000000000000000e+03,5.000000000000000000e+02,5.000000000000000000e+01,2.000000000000000111e-01,1.000000000000000056e-01,3.000000000000000000e+01,2.500000000000000000e+02,2.448979591836735192e-01
7.000000000000000000e+00,1.000000000000000000e+03,5.000000000000000000e+02,5.000000000000000000e+01,2.000000000000000111e-01,1.000000000000000056e-01,4.000000000000000000e+01,2.500000000000000000e+02,2.857142857142856984e-01
7.000000000000000000e+00,1.000000000000000000e+03,5.000000000000000000e+02,5.000000000000000000e+01,2.000000000000000111e-01,1.000000000000000056e-01,6.000000000000000000e+01,2.500000000000000000e+02,2.857142857142856984e-01
7.000000000000000000e+00,1.000000000000000000e+03,5.000000000000000000e+02,5.000000000000000000e+01,2.000000000000000111e-01,1.000000000000000056e-01,2.000000000000000000e+01,5.000000000000000000e+02,1.428571428571429047e-01
1.700000000000000000e+01,1.000000000000000000e+03,5.000000000000000000e+02,5.000000000000000000e+01,2.000000000000000111e-01,4.000000000000000222e-01,6.000000000000000000e+01,2.500000000000000000e+02,9.890109890109888280e-02
7.000000000000000000e+00,1.000000000000000000e+03,5.000000000000000000e+02,5.000000000000000000e+01,2.000000000000000111e-01,1.000000000000000056e-01,3.000000000000000000e+01,5.000000000000000000e+02,1.224489795918367596e-01
7.000000000000000000e+00,1.000000000000000000e+03,5.000000000000000000e+02,5.000000000000000000e+01,2.000000000000000111e-01,1.000000000000000056e-01,4.000000000000000000e+01,5.000000000000000000e+02,1.632653061224489388e-01
7.000000000000000000e+00,1.000000000000000000e+03,5.000000000000000000e+02,5.000000000000000000e+01,2.000000000000000111e-01,1.000000000000000056e-01,6.000000000000000000e+01,5.000000000000000000e+02,2.040816326530612290e-01
7.000000000000000000e+00,1.000000000000000000e+03,5.000000000000000000e+02,5.000000000000000000e+01,2.000000000000000111e-01,2.000000000000000111e-01,2.000000000000000000e+01,2.500000000000000000e+02,2.187500000000000000e-01
7.000000000000000000e+00,1.000000000000000000e+03,5.000000000000000000e+02,5.000000000000000000e+01,2.000000000000000111e-01,2.000000000000000111e-01,3.000000000000000000e+01,2.500000000000000000e+02,2.291666666666666297e-01
7.000000000000000000e+00,1.000000000000000000e+03,5.000000000000000000e+02,5.000000000000000000e+01,2.000000000000000111e-01,2.000000000000000111e-01,4.000000000000000000e+01,2.500000000000000000e+02,2.083333333333333703e-01
7.000000000000000000e+00,1.000000000000000000e+03,5.000000000000000000e+02,5.000000000000000000e+01,2.000000000000000111e-01,2.000000000000000111e-01,6.000000000000000000e+01,2.500000000000000000e+02,1.875000000000000000e-01
2.700000000000000000e+01,1.000000000000000000e+03,5.000000000000000000e+02,5.000000000000000000e+01,2.000000000000000111e-01,1.000000000000000056e-01,2.000000000000000000e+01,2.500000000000000000e+02,9.999999999999997780e-02
7.000000000000000000e+00,1.000000000000000000e+03,5.000000000000000000e+02,5.000000000000000000e+01,2.000000000000000111e-01,2.000000000000000111e-01,2.000000000000000000e+01,5.000000000000000000e+02,1.562500000000000000e-01
7.000000000000000000e+00,1.000000000000000000e+03,5.000000000000000000e+02,5.000000000000000000e+01,2.000000000000000111e-01,2.000000000000000111e-01,3.000000000000000000e+01,5.000000000000000000e+02,2.083333333333333703e-01
7.000000000000000000e+00,1.000000000000000000e+03,5.000000000000000000e+02,5.000000000000000000e+01,2.000000000000000111e-01,2.000000000000000111e-01,4.000000000000000000e+01,5.000000000000000000e+02,1.666666666666666297e-01
7.000000000000000000e+00,1.000000000000000000e+03,5.000000000000000000e+02,5.000000000000000000e+01,2.000000000000000111e-01,2.000000000000000111e-01,6.000000000000000000e+01,5.000000000000000000e+02,2.083333333333333703e-01
1.700000000000000000e+01,1.000000000000000000e+03,5.000000000000000000e+02,5.000000000000000000e+01,2.000000000000000111e-01,4.000000000000000222e-01,2.000000000000000000e+01,5.000000000000000000e+02,8.791208791208793283e-02
7.000000000000000000e+00,1.000000000000000000e+03,5.000000000000000000e+02,5.000000000000000000e+01,2.000000000000000111e-01,4.000000000000000222e-01,2.000000000000000000e+01,2.500000000000000000e+02,1.122994652406417160e-01
7.000000000000000000e+00,1.000000000000000000e+03,5.000000000000000000e+02,5.000000000000000000e+01,2.000000000000000111e-01,4.000000000000000222e-01,3.000000000000000000e+01,2.500000000000000000e+02,1.390374331550802145e-01
1.700000000000000000e+01,1.000000000000000000e+03,5.000000000000000000e+02,5.000000000000000000e+01,2.000000000000000111e-01,4.000000000000000222e-01,3.000000000000000000e+01,5.000000000000000000e+02,1.098901098901099438e-01
7.000000000000000000e+00,1.000000000000000000e+03,5.000000000000000000e+02,5.000000000000000000e+01,2.000000000000000111e-01,4.000000000000000222e-01,4.000000000000000000e+01,2.500000000000000000e+02,1.016042780748662722e-01
7.000000000000000000e+00,1.000000000000000000e+03,5.000000000000000000e+02,5.000000000000000000e+01,2.000000000000000111e-01,4.000000000000000222e-01,6.000000000000000000e+01,2.500000000000000000e+02,1.016042780748662722e-01
1.700000000000000000e+01,1.000000000000000000e+03,5.000000000000000000e+02,5.000000000000000000e+01,2.000000000000000111e-01,4.000000000000000222e-01,4.000000000000000000e+01,5.000000000000000000e+02,1.208791208791208938e-01
7.000000000000000000e+00,1.000000000000000000e+03,5.000000000000000000e+02,5.000000000000000000e+01,2.000000000000000111e-01,4.000000000000000222e-01,2.000000000000000000e+01,5.000000000000000000e+02,1.016042780748662722e-01
2.700000000000000000e+01,1.000000000000000000e+03,5.000000000000000000e+02,5.000000000000000000e+01,2.000000000000000111e-01,1.000000000000000056e-01,3.000000000000000000e+01,2.500000000000000000e+02,1.199999999999999956e-01
7.000000000000000000e+00,1.000000000000000000e+03,5.000000000000000000e+02,5.000000000000000000e+01,2.000000000000000111e-01,4.000000000000000222e-01,3.000000000000000000e+01,5.000000000000000000e+02,1.069518716577539941e-01
7.000000000000000000e+00,1.000000000000000000e+03,5.000000000000000000e+02,5.000000000000000000e+01,2.000000000000000111e-01,4.000000000000000222e-01,4.000000000000000000e+01,5.000000000000000000e+02,1.176470588235294379e-01
7.000000000000000000e+00,1.000000000000000000e+03,5.000000000000000000e+02,5.000000000000000000e+01,2.000000000000000111e-01,4.000000000000000222e-01,6.000000000000000000e+01,5.000000000000000000e+02,1.176470588235294379e-01
1.700000000000000000e+01,1.000000000000000000e+03,5.000000000000000000e+02,5.000000000000000000e+01,2.000000000000000111e-01,4.000000000000000222e-01,6.000000000000000000e+01,5.000000000000000000e+02,1.318681318681318437e-01
7.000000000000000000e+00,1.000000000000000000e+03,5.000000000000000000e+02,5.000000000000000000e+01,4.000000000000000222e-01,1.000000000000000056e-01,2.000000000000000000e+01,2.500000000000000000e+02,4.081632653061229021e-02
1.700000000000000000e+01,1.000000000000000000e+03,5.000000000000000000e+02,5.000000000000000000e+01,4.000000000000000222e-01,1.000000000000000056e-01,2.000000000000000000e+01,2.500000000000000000e+02,6.000000000000005329e-02
7.000000000000000000e+00,1.000000000000000000e+03,5.000000000000000000e+02,5.000000000000000000e+01,4.000000000000000222e-01,1.000000000000000056e-01,3.000000000000000000e+01,2.500000000000000000e+02,4.081632653061229021e-02
2.700000000000000000e+01,1.000000000000000000e+03,5.000000000000000000e+02,5.000000000000000000e+01,2.000000000000000111e-01,1.000000000000000056e-01,4.000000000000000000e+01,2.500000000000000000e+02,1.400000000000000133e-01
1.700000000000000000e+01,1.000000000000000000e+03,5.000000000000000000e+02,5.000000000000000000e+01,4.000000000000000222e-01,1.000000000000000056e-01,3.000000000000000000e+01,2.500000000000000000e+02,6.000000000000005329e-02
7.000000000000000000e+00,1.000000000000000000e+03,5.000000000000000000e+02,5.000000000000000000e+01,4.000000000000000222e-01,1.000000000000000056e-01,4.000000000000000000e+01,2.500000000000000000e+02,4.081632653061229021e-02
1.700000000000000000e+01,1.000000000000000000e+03,5.000000000000000000e+02,5.000000000000000000e+01,4.000000000000000222e-01,1.000000000000000056e-01,4.000000000000000000e+01,2.500000000000000000e+02,6.000000000000005329e-02
7.000000000000000000e+00,1.000000000000000000e+03,5.000000000000000000e+02,5.000000000000000000e+01,4.000000000000000222e-01,1.000000000000000056e-01,6.000000000000000000e+01,2.500000000000000000e+02,6.122448979591832430e-02
1.700000000000000000e+01,1.000000000000000000e+03,5.000000000000000000e+02,5.000000000000000000e+01,4.000000000000000222e-01,1.000000000000000056e-01,6.000000000000000000e+01,2.500000000000000000e+02,6.000000000000005329e-02
7.000000000000000000e+00,1.000000000000000000e+03,5.000000000000000000e+02,5.000000000000000000e+01,4.000000000000000222e-01,1.000000000000000056e-01,2.000000000000000000e+01,5.000000000000000000e+02,6.122448979591832430e-02
1.700000000000000000e+01,1.000000000000000000e+03,5.000000000000000000e+02,5.000000000000000000e+01,4.000000000000000222e-01,1.000000000000000056e-01,2.000000000000000000e+01,5.000000000000000000e+02,4.000000000000003553e-02
7.000000000000000000e+00,1.000000000000000000e+03,5.000000000000000000e+02,5.000000000000000000e+01,4.000000000000000222e-01,1.000000000000000056e-01,3.000000000000000000e+01,5.000000000000000000e+02,6.122448979591832430e-02
1.700000000000000000e+01,1.000000000000000000e+03,5.000000000000000000e+02,5.000000000000000000e+01,4.000000000000000222e-01,1.000000000000000056e-01,3.000000000000000000e+01,5.000000000000000000e+02,6.000000000000005329e-02
1.700000000000000000e+01,1.000000000000000000e+03,5.000000000000000000e+02,5.000000000000000000e+01,4.000000000000000222e-01,1.000000000000000056e-01,4.000000000000000000e+01,5.000000000000000000e+02,6.000000000000005329e-02
7.000000000000000000e+00,1.000000000000000000e+03,5.000000000000000000e+02,5.000000000000000000e+01,4.000000000000000222e-01,1.000000000000000056e-01,4.000000000000000000e+01,5.000000000000000000e+02,6.122448979591832430e-02
1.700000000000000000e+01,1.000000000000000000e+03,5.000000000000000000e+02,5.000000000000000000e+01,4.000000000000000222e-01,1.000000000000000056e-01,6.000000000000000000e+01,5.000000000000000000e+02,6.000000000000005329e-02
7.000000000000000000e+00,1.000000000000000000e+03,5.000000000000000000e+02,5.000000000000000000e+01,4.000000000000000222e-01,1.000000000000000056e-01,6.000000000000000000e+01,5.000000000000000000e+02,6.122448979591832430e-02
1.700000000000000000e+01,1.000000000000000000e+03,5.000000000000000000e+02,5.000000000000000000e+01,4.000000000000000222e-01,2.000000000000000111e-01,2.000000000000000000e+01,2.500000000000000000e+02,9.183673469387754196e-02
1.700000000000000000e+01,1.000000000000000000e+03,5.000000000000000000e+02,5.000000000000000000e+01,4.000000000000000222e-01,2.000000000000000111e-01,3.000000000000000000e+01,2.500000000000000000e+02,9.183673469387754196e-02
1.700000000000000000e+01,1.000000000000000000e+03,5.000000000000000000e+02,5.000000000000000000e+01,4.000000000000000222e-01,2.000000000000000111e-01,4.000000000000000000e+01,2.500000000000000000e+02,7.142857142857139685e-02
1.700000000000000000e+01,1.000000000000000000e+03,5.000000000000000000e+02,5.000000000000000000e+01,4.000000000000000222e-01,2.000000000000000111e-01,6.000000000000000000e+01,2.500000000000000000e+02,6.122448979591832430e-02
2.700000000000000000e+01,1.000000000000000000e+03,5.000000000000000000e+02,5.000000000000000000e+01,2.000000000000000111e-01,1.000000000000000056e-01,6.000000000000000000e+01,2.500000000000000000e+02,1.400000000000000133e-01
1.700000000000000000e+01,1.000000000000000000e+03,5.000000000000000000e+02,5.000000000000000000e+01,4.000000000000000222e-01,2.000000000000000111e-01,2.000000000000000000e+01,5.000000000000000000e+02,7.142857142857139685e-02
1.700000000000000000e+01,1.000000000000000000e+03,5.000000000000000000e+02,5.000000000000000000e+01,4.000000000000000222e-01,2.000000000000000111e-01,3.000000000000000000e+01,5.000000000000000000e+02,7.142857142857139685e-02
1.700000000000000000e+01,1.000000000000000000e+03,5.000000000000000000e+02,5.000000000000000000e+01,4.000000000000000222e-01,2.000000000000000111e-01,4.000000000000000000e+01,5.000000000000000000e+02,8.163265306122446940e-02
1.700000000000000000e+01,1.000000000000000000e+03,5.000000000000000000e+02,5.000000000000000000e+01,4.000000000000000222e-01,2.000000000000000111e-01,6.000000000000000000e+01,5.000000000000000000e+02,8.163265306122446940e-02
2.700000000000000000e+01,1.000000000000000000e+03,5.000000000000000000e+02,5.000000000000000000e+01,2.000000000000000111e-01,1.000000000000000056e-01,2.000000000000000000e+01,5.000000000000000000e+02,7.999999999999996003e-02
2.700000000000000000e+01,1.000000000000000000e+03,5.000000000000000000e+02,5.000000000000000000e+01,2.000000000000000111e-01,1.000000000000000056e-01,3.000000000000000000e+01,5.000000000000000000e+02,7.999999999999996003e-02
2.700000000000000000e+01,1.000000000000000000e+03,5.000000000000000000e+02,5.000000000000000000e+01,2.000000000000000111e-01,1.000000000000000056e-01,4.000000000000000000e+01,5.000000000000000000e+02,9.999999999999997780e-02
2.700000000000000000e+01,1.000000000000000000e+03,5.000000000000000000e+02,5.000000000000000000e+01,2.000000000000000111e-01,1.000000000000000056e-01,6.000000000000000000e+01,5.000000000000000000e+02,9.999999999999997780e-02
7.000000000000000000e+00,1.000000000000000000e+03,5.000000000000000000e+02,5.000000000000000000e+01,4.000000000000000222e-01,2.000000000000000111e-01,2.000000000000000000e+01,2.500000000000000000e+02,1.020408163265307255e-02
2.700000000000000000e+01,1.000000000000000000e+03,5.000000000000000000e+02,5.000000000000000000e+01,2.000000000000000111e-01,2.000000000000000111e-01,2.000000000000000000e+01,2.500000000000000000e+02,1.063829787234042978e-01
2.700000000000000000e+01,1.000000000000000000e+03,5.000000000000000000e+02,5.000000000000000000e+01,2.000000000000000111e-01,2.000000000000000111e-01,3.000000000000000000e+01,2.500000000000000000e+02,1.276595744680850686e-01
2.700000000000000000e+01,1.000000000000000000e+03,5.000000000000000000e+02,5.000000000000000000e+01,2.000000000000000111e-01,2.000000000000000111e-01,4.000000000000000000e+01,2.500000000000000000e+02,1.276595744680850686e-01
2.700000000000000000e+01,1.000000000000000000e+03,5.000000000000000000e+02,5.000000000000000000e+01,2.000000000000000111e-01,2.000000000000000111e-01,6.000000000000000000e+01,2.500000000000000000e+02,1.489361702127659504e-01
7.000000000000000000e+00,1.000000000000000000e+03,5.000000000000000000e+02,5.000000000000000000e+01,4.000000000000000222e-01,2.000000000000000111e-01,3.000000000000000000e+01,2.500000000000000000e+02,1.020408163265307255e-02
1.700000000000000000e+01,1.000000000000000000e+03,5.000000000000000000e+02,5.000000000000000000e+01,4.000000000000000222e-01,4.000000000000000222e-01,2.000000000000000000e+01,2.500000000000000000e+02,4.615384615384610090e-02
2.700000000000000000e+01,1.000000000000000000e+03,5.000000000000000000e+02,5.000000000000000000e+01,2.000000000000000111e-01,2.000000000000000111e-01,2.000000000000000000e+01,5.000000000000000000e+02,1.276595744680850686e-01
2.700000000000000000e+01,1.000000000000000000e+03,5.000000000000000000e+02,5.000000000000000000e+01,2.000000000000000111e-01,2.000000000000000111e-01,3.000000000000000000e+01,5.000000000000000000e+02,1.276595744680850686e-01
2.700000000000000000e+01,1.000000000000000000e+03,5.000000000000000000e+02,5.000000000000000000e+01,2.000000000000000111e-01,2.000000000000000111e-01,4.000000000000000000e+01,5.000000000000000000e+02,1.489361702127659504e-01
2.700000000000000000e+01,1.000000000000000000e+03,5.000000000000000000e+02,5.000000000000000000e+01,2.000000000000000111e-01,2.000000000000000111e-01,6.000000000000000000e+01,5.000000000000000000e+02,1.808510638297872175e-01
1.700000000000000000e+01,1.000000000000000000e+03,5.000000000000000000e+02,5.000000000000000000e+01,4.000000000000000222e-01,4.000000000000000222e-01,3.000000000000000000e+01,2.500000000000000000e+02,5.128205128205132191e-02
7.000000000000000000e+00,1.000000000000000000e+03,5.000000000000000000e+02,5.000000000000000000e+01,4.000000000000000222e-01,2.000000000000000111e-01,4.000000000000000000e+01,2.500000000000000000e+02,1.020408163265307255e-02
1.700000000000000000e+01,1.000000000000000000e+03,5.000000000000000000e+02,5.000000000000000000e+01,4.000000000000000222e-01,4.000000000000000222e-01,4.000000000000000000e+01,2.500000000000000000e+02,5.641025641025643189e-02
2.700000000000000000e+01,1.000000000000000000e+03,5.000000000000000000e+02,5.000000000000000000e+01,2.000000000000000111e-01,4.000000000000000222e-01,2.000000000000000000e+01,2.500000000000000000e+02,1.098901098901099438e-01
2.700000000000000000e+01,1.000000000000000000e+03,5.000000000000000000e+02,5.000000000000000000e+01,2.000000000000000111e-01,4.000000000000000222e-01,3.000000000000000000e+01,2.500000000000000000e+02,1.208791208791208938e-01
7.000000000000000000e+00,1.000000000000000000e+03,5.000000000000000000e+02,5.000000000000000000e+01,4.000000000000000222e-01,2.000000000000000111e-01,6.000000000000000000e+01,2.500000000000000000e+02,2.040816326530614511e-02
2.700000000000000000e+01,1.000000000000000000e+03,5.000000000000000000e+02,5.000000000000000000e+01,2.000000000000000111e-01,4.000000000000000222e-01,4.000000000000000000e+01,2.500000000000000000e+02,9.890109890109888280e-02
7.000000000000000000e+00,1.000000000000000000e+03,5.000000000000000000e+02,5.000000000000000000e+01,4.000000000000000222e-01,2.000000000000000111e-01,2.000000000000000000e+01,5.000000000000000000e+02,2.040816326530614511e-02
1.700000000000000000e+01,1.000000000000000000e+03,5.000000000000000000e+02,5.000000000000000000e+01,4.000000000000000222e-01,4.000000000000000222e-01,6.000000000000000000e+01,2.500000000000000000e+02,6.153846153846154188e-02
7.000000000000000000e+00,1.000000000000000000e+03,5.000000000000000000e+02,5.000000000000000000e+01,4.000000000000000222e-01,2.000000000000000111e-01,3.000000000000000000e+01,5.000000000000000000e+02,2.040816326530614511e-02
7.000000000000000000e+00,1.000000000000000000e+03,5.000000000000000000e+02,5.000000000000000000e+01,4.000000000000000222e-01,2.000000000000000111e-01,4.000000000000000000e+01,5.000000000000000000e+02,2.040816326530614511e-02
1.700000000000000000e+01,1.000000000000000000e+03,5.000000000000000000e+02,5.000000000000000000e+01,4.000000000000000222e-01,4.000000000000000222e-01,2.000000000000000000e+01,5.000000000000000000e+02,4.102564102564099091e-02
2.700000000000000000e+01,1.000000000000000000e+03,5.000000000000000000e+02,5.000000000000000000e+01,2.000000000000000111e-01,4.000000000000000222e-01,6.000000000000000000e+01,2.500000000000000000e+02,8.241758241758245784e-02
7.000000000000000000e+00,1.000000000000000000e+03,5.000000000000000000e+02,5.000000000000000000e+01,4.000000000000000222e-01,2.000000000000000111e-01,6.000000000000000000e+01,5.000000000000000000e+02,2.040816326530614511e-02
1.700000000000000000e+01,1.000000000000000000e+03,5.000000000000000000e+02,5.000000000000000000e+01,4.000000000000000222e-01,4.000000000000000222e-01,3.000000000000000000e+01,5.000000000000000000e+02,5.641025641025643189e-02
2.700000000000000000e+01,1.000000000000000000e+03,5.000000000000000000e+02,5.000000000000000000e+01,2.000000000000000111e-01,4.000000000000000222e-01,2.000000000000000000e+01,5.000000000000000000e+02,7.142857142857139685e-02
2.700000000000000000e+01,1.000000000000000000e+03,5.000000000000000000e+02,5.000000000000000000e+01,2.000000000000000111e-01,4.000000000000000222e-01,3.000000000000000000e+01,5.000000000000000000e+02,5.494505494505497190e-02
1.700000000000000000e+01,1.000000000000000000e+03,5.000000000000000000e+02,5.000000000000000000e+01,4.000000000000000222e-01,4.000000000000000222e-01,4.000000000000000000e+01,5.000000000000000000e+02,6.153846153846154188e-02
2.700000000000000000e+01,1.000000000000000000e+03,5.000000000000000000e+02,5.000000000000000000e+01,2.000000000000000111e-01,4.000000000000000222e-01,4.000000000000000000e+01,5.000000000000000000e+02,7.142857142857139685e-02
2.700000000000000000e+01,1.000000000000000000e+03,5.000000000000000000e+02,5.000000000000000000e+01,2.000000000000000111e-01,4.000000000000000222e-01,6.000000000000000000e+01,5.000000000000000000e+02,5.494505494505497190e-02
1.700000000000000000e+01,1.000000000000000000e+03,5.000000000000000000e+02,5.000000000000000000e+01,4.000000000000000222e-01,4.000000000000000222e-01,6.000000000000000000e+01,5.000000000000000000e+02,6.153846153846154188e-02
7.000000000000000000e+00,1.000000000000000000e+03,5.000000000000000000e+02,5.000000000000000000e+01,4.000000000000000222e-01,4.000000000000000222e-01,2.000000000000000000e+01,2.500000000000000000e+02,8.426966292134829839e-02
2.700000000000000000e+01,1.000000000000000000e+03,5.000000000000000000e+02,5.000000000000000000e+01,4.000000000000000222e-01,1.000000000000000056e-01,2.000000000000000000e+01,2.500000000000000000e+02,1.224489795918367596e-01
7.000000000000000000e+00,1.000000000000000000e+03,5.000000000000000000e+02,5.000000000000000000e+01,4.000000000000000222e-01,4.000000000000000222e-01,3.000000000000000000e+01,2.500000000000000000e+02,8.426966292134829839e-02
2.700000000000000000e+01,1.000000000000000000e+03,5.000000000000000000e+02,5.000000000000000000e+01,4.000000000000000222e-01,1.000000000000000056e-01,3.000000000000000000e+01,2.500000000000000000e+02,1.428571428571429047e-01
1.800000000000000000e+01,1.000000000000000000e+03,5.000000000000000000e+02,5.000000000000000000e+01,1.000000000000000056e-01,1.000000000000000056e-01,2.000000000000000000e+01,2.500000000000000000e+02,1.555555555555555580e-01
7.000000000000000000e+00,1.000000000000000000e+03,5.000000000000000000e+02,5.000000000000000000e+01,4.000000000000000222e-01,4.000000000000000222e-01,4.000000000000000000e+01,2.500000000000000000e+02,9.550561797752810111e-02
2.700000000000000000e+01,1.000000000000000000e+03,5.000000000000000000e+02,5.000000000000000000e+01,4.000000000000000222e-01,1.000000000000000056e-01,4.000000000000000000e+01,2.500000000000000000e+02,1.428571428571429047e-01
1.800000000000000000e+01,1.000000000000000000e+03,5.000000000000000000e+02,5.000000000000000000e+01,1.000000000000000056e-01,1.000000000000000056e-01,3.000000000000000000e+01,2.500000000000000000e+02,1.555555555555555580e-01
2.700000000000000000e+01,1.000000000000000000e+03,5.000000000000000000e+02,5.000000000000000000e+01,4.000000000000000222e-01,1.000000000000000056e-01,6.000000000000000000e+01,2.500000000000000000e+02,1.428571428571429047e-01
1.800000000000000000e+01,1.000000000000000000e+03,5.000000000000000000e+02,5.000000000000000000e+01,1.000000000000000056e-01,1.000000000000000056e-01,4.000000000000000000e+01,2.500000000000000000e+02,1.555555555555555580e-01
7.000000000000000000e+00,1.000000000000000000e+03,5.000000000000000000e+02,5.000000000000000000e+01,4.000000000000000222e-01,4.000000000000000222e-01,6.000000000000000000e+01,2.500000000000000000e+02,1.123595505617978052e-01
2.700000000000000000e+01,1.000000000000000000e+03,5.000000000000000000e+02,5.000000000000000000e+01,4.000000000000000222e-01,1.000000000000000056e-01,2.000000000000000000e+01,5.000000000000000000e+02,1.632653061224489388e-01
2.700000000000000000e+01,1.000000000000000000e+03,5.000000000000000000e+02,5.000000000000000000e+01,4.000000000000000222e-01,1.000000000000000056e-01,3.000000000000000000e+01,5.000000000000000000e+02,1.632653061224489388e-01
2.700000000000000000e+01,1.000000000000000000e+03,5.000000000000000000e+02,5.000000000000000000e+01,4.000000000000000222e-01,1.000000000000000056e-01,4.000000000000000000e+01,5.000000000000000000e+02,1.632653061224489388e-01
7.000000000000000000e+00,1.000000000000000000e+03,5.000000000000000000e+02,5.000000000000000000e+01,4.000000000000000222e-01,4.000000000000000222e-01,2.000000000000000000e+01,5.000000000000000000e+02,9.550561797752810111e-02
2.700000000000000000e+01,1.000000000000000000e+03,5.000000000000000000e+02,5.000000000000000000e+01,4.000000000000000222e-01,1.000000000000000056e-01,6.000000000000000000e+01,5.000000000000000000e+02,1.632653061224489388e-01
7.000000000000000000e+00,1.000000000000000000e+03,5.000000000000000000e+02,5.000000000000000000e+01,4.000000000000000222e-01,4.000000000000000222e-01,3.000000000000000000e+01,5.000000000000000000e+02,9.550561797752810111e-02
1.800000000000000000e+01,1.000000000000000000e+03,5.000000000000000000e+02,5.000000000000000000e+01,1.000000000000000056e-01,1.000000000000000056e-01,6.000000000000000000e+01,2.500000000000000000e+02,1.777777777777778123e-01
7.000000000000000000e+00,1.000000000000000000e+03,5.000000000000000000e+02,5.000000000000000000e+01,4.000000000000000222e-01,4.000000000000000222e-01,4.000000000000000000e+01,5.000000000000000000e+02,1.011235955056180025e-01
1.800000000000000000e+01,1.000000000000000000e+03,5.000000000000000000e+02,5.000000000000000000e+01,1.000000000000000056e-01,1.000000000000000056e-01,2.000000000000000000e+01,5.000000000000000000e+02,1.777777777777778123e-01
1.800000000000000000e+01,1.000000000000000000e+03,5.000000000000000000e+02,5.000000000000000000e+01,1.000000000000000056e-01,1.000000000000000056e-01,3.000000000000000000e+01,5.000000000000000000e+02,1.999999999999999556e-01
2.700000000000000000e+01,1.000000000000000000e+03,5.000000000000000000e+02,5.000000000000000000e+01,4.000000000000000222e-01,2.000000000000000111e-01,2.000000000000000000e+01,2.500000000000000000e+02,2.061855670103096561e-02
1.800000000000000000e+01,1.000000000000000000e+03,5.000000000000000000e+02,5.000000000000000000e+01,1.000000000000000056e-01,1.000000000000000056e-01,4.000000000000000000e+01,5.000000000000000000e+02,2.444444444444444642e-01
7.000000000000000000e+00,1.000000000000000000e+03,5.000000000000000000e+02,5.000000000000000000e+01,4.000000000000000222e-01,4.000000000000000222e-01,6.000000000000000000e+01,5.000000000000000000e+02,1.123595505617978052e-01
8.000000000000000000e+00,1.000000000000000000e+03,5.000000000000000000e+02,5.000000000000000000e+01,1.000000000000000056e-01,1.000000000000000056e-01,2.000000000000000000e+01,2.500000000000000000e+02,1.666666666666666297e-01
1.800000000000000000e+01,1.000000000000000000e+03,5.000000000000000000e+02,5.000000000000000000e+01,1.000000000000000056e-01,1.000000000000000056e-01,6.000000000000000000e+01,5.000000000000000000e+02,2.888888888888888618e-01
8.000000000000000000e+00,1.000000000000000000e+03,5.000000000000000000e+02,5.000000000000000000e+01,1.000000000000000056e-01,1.000000000000000056e-01,3.000000000000000000e+01,2.500000000000000000e+02,1.875000000000000000e-01
2.700000000000000000e+01,1.000000000000000000e+03,5.000000000000000000e+02,5.000000000000000000e+01,4.000000000000000222e-01,2.000000000000000111e-01,3.000000000000000000e+01,2.500000000000000000e+02,2.061855670103096561e-02
8.000000000000000000e+00,1.000000000000000000e+03,5.000000000000000000e+02,5.000000000000000000e+01,1.000000000000000056e-01,1.000000000000000056e-01,4.000000000000000000e+01,2.500000000000000000e+02,2.083333333333333703e-01
8.000000000000000000e+00,1.000000000000000000e+03,5.000000000000000000e+02,5.000000000000000000e+01,1.000000000000000056e-01,1.000000000000000056e-01,6.000000000000000000e+01,2.500000000000000000e+02,2.291666666666666297e-01
8.000000000000000000e+00,1.000000000000000000e+03,5.000000000000000000e+02,5.000000000000000000e+01,1.000000000000000056e-01,1.000000000000000056e-01,2.000000000000000000e+01,5.000000000000000000e+02,1.666666666666666297e-01
8.000000000000000000e+00,1.000000000000000000e+03,5.000000000000000000e+02,5.000000000000000000e+01,1.000000000000000056e-01,1.000000000000000056e-01,3.000000000000000000e+01,5.000000000000000000e+02,2.083333333333333703e-01
8.000000000000000000e+00,1.000000000000000000e+03,5.000000000000000000e+02,5.000000000000000000e+01,1.000000000000000056e-01,1.000000000000000056e-01,4.000000000000000000e+01,5.000000000000000000e+02,1.250000000000000000e-01
1.800000000000000000e+01,1.000000000000000000e+03,5.000000000000000000e+02,5.000000000000000000e+01,1.000000000000000056e-01,2.000000000000000111e-01,2.000000000000000000e+01,2.500000000000000000e+02,1.235955056179774969e-01
8.000000000000000000e+00,1.000000000000000000e+03,5.000000000000000000e+02,5.000000000000000000e+01,1.000000000000000056e-01,1.000000000000000056e-01,6.000000000000000000e+01,5.000000000000000000e+02,2.500000000000000000e-01
2.700000000000000000e+01,1.000000000000000000e+03,5.000000000000000000e+02,5.000000000000000000e+01,4.000000000000000222e-01,2.000000000000000111e-01,4.000000000000000000e+01,2.500000000000000000e+02,3.092783505154639290e-02
1.800000000000000000e+01,1.000000000000000000e+03,5.000000000000000000e+02,5.000000000000000000e+01,1.000000000000000056e-01,2.000000000000000111e-01,3.000000000000000000e+01,2.500000000000000000e+02,1.235955056179774969e-01
8.000000000000000000e+00,1.000000000000000000e+03,5.000000000000000000e+02,5.000000000000000000e+01,1.000000000000000056e-01,2.000000000000000111e-01,2.000000000000000000e+01,2.500000000000000000e+02,2.105263157894736725e-01
8.000000000000000000e+00,1.000000000000000000e+03,5.000000000000000000e+02,5.000000000000000000e+01,1.000000000000000056e-01,2.000000000000000111e-01,3.000000000000000000e+01,2.500000000000000000e+02,2.315789473684211064e-01
8.000000000000000000e+00,1.000000000000000000e+03,5.000000000000000000e+02,5.000000000000000000e+01,1.000000000000000056e-01,2.000000000000000111e-01,4.000000000000000000e+01,2.500000000000000000e+02,2.421052631578947123e-01
1.800000000000000000e+01,1.000000000000000000e+03,5.000000000000000000e+02,5.000000000000000000e+01,1.000000000000000056e-01,2.000000000000000111e-01,4.000000000000000000e+01,2.500000000000000000e+02,1.348314606741572996e-01
8.000000000000000000e+00,1.000000000000000000e+03,5.000000000000000000e+02,5.000000000000000000e+01,1.000000000000000056e-01,2.000000000000000111e-01,6.000000000000000000e+01,2.500000000000000000e+02,2.631578947368421462e-01
8.000000000000000000e+00,1.000000000000000000e+03,5.000000000000000000e+02,5.000000000000000000e+01,1.000000000000000056e-01,2.000000000000000111e-01,2.000000000000000000e+01,5.000000000000000000e+02,1.999999999999999556e-01
8.000000000000000000e+00,1.000000000000000000e+03,5.000000000000000000e+02,5.000000000000000000e+01,1.000000000000000056e-01,2.000000000000000111e-01,3.000000000000000000e+01,5.000000000000000000e+02,2.315789473684211064e-01
8.000000000000000000e+00,1.000000000000000000e+03,5.000000000000000000e+02,5.000000000000000000e+01,1.000000000000000056e-01,2.000000000000000111e-01,4.000000000000000000e+01,5.000000000000000000e+02,2.631578947368421462e-01
8.000000000000000000e+00,1.000000000000000000e+03,5.000000000000000000e+02,5.000000000000000000e+01,1.000000000000000056e-01,2.000000000000000111e-01,6.000000000000000000e+01,5.000000000000000000e+02,2.736842105263157521e-01
1.800000000000000000e+01,1.000000000000000000e+03,5.000000000000000000e+02,5.000000000000000000e+01,1.000000000000000056e-01,2.000000000000000111e-01,6.000000000000000000e+01,2.500000000000000000e+02,1.460674157303371024e-01
8.000000000000000000e+00,1.000000000000000000e+03,5.000000000000000000e+02,5.000000000000000000e+01,1.000000000000000056e-01,4.000000000000000222e-01,2.000000000000000000e+01,2.500000000000000000e+02,2.887700534759358728e-01
8.000000000000000000e+00,1.000000000000000000e+03,5.000000000000000000e+02,5.000000000000000000e+01,1.000000000000000056e-01,4.000000000000000222e-01,3.000000000000000000e+01,2.500000000000000000e+02,2.994652406417112056e-01
8.000000000000000000e+00,1.000000000000000000e+03,5.000000000000000000e+02,5.000000000000000000e+01,1.000000000000000056e-01,4.000000000000000222e-01,4.000000000000000000e+01,2.500000000000000000e+02,3.101604278074866494e-01
8.000000000000000000e+00,1.000000000000000000e+03,5.000000000000000000e+02,5.000000000000000000e+01,1.000000000000000056e-01,4.000000000000000222e-01,6.000000000000000000e+01,2.500000000000000000e+02,3.155080213903743713e-01
1.800000000000000000e+01,1.000000000000000000e+03,5.000000000000000000e+02,5.000000000000000000e+01,1.000000000000000056e-01,2.000000000000000111e-01,2.000000000000000000e+01,5.000000000000000000e+02,1.348314606741572996e-01
8.000000000000000000e+00,1.000000000000000000e+03,5.000000000000000000e+02,5.000000000000000000e+01,1.000000000000000056e-01,4.000000000000000222e-01,2.000000000000000000e+01,5.000000000000000000e+02,3.903743315508021450e-01
8.000000000000000000e+00,1.000000000000000000e+03,5.000000000000000000e+02,5.000000000000000000e+01,1.000000000000000056e-01,4.000000000000000222e-01,3.000000000000000000e+01,5.000000000000000000e+02,3.957219251336898669e-01
8.000000000000000000e+00,1.000000000000000000e+03,5.000000000000000000e+02,5.000000000000000000e+01,1.000000000000000056e-01,4.000000000000000222e-01,4.000000000000000000e+01,5.000000000000000000e+02,3.850267379679144231e-01
1.800000000000000000e+01,1.000000000000000000e+03,5.000000000000000000e+02,5.000000000000000000e+01,1.000000000000000056e-01,2.000000000000000111e-01,3.000000000000000000e+01,5.000000000000000000e+02,1.573033707865169051e-01
8.000000000000000000e+00,1.000000000000000000e+03,5.000000000000000000e+02,5.000000000000000000e+01,1.000000000000000056e-01,4.000000000000000222e-01,6.000000000000000000e+01,5.000000000000000000e+02,4.117647058823529216e-01
1.800000000000000000e+01,1.000000000000000000e+03,5.000000000000000000e+02,5.000000000000000000e+01,1.000000000000000056e-01,2.000000000000000111e-01,4.000000000000000000e+01,5.000000000000000000e+02,1.685393258426965968e-01
2.700000000000000000e+01,1.000000000000000000e+03,5.000000000000000000e+02,5.000000000000000000e+01,4.000000000000000222e-01,2.000000000000000111e-01,6.000000000000000000e+01,2.500000000000000000e+02,3.092783505154639290e-02
8.000000000000000000e+00,1.000000000000000000e+03,5.000000000000000000e+02,5.000000000000000000e+01,2.000000000000000111e-01,1.000000000000000056e-01,2.000000000000000000e+01,2.500000000000000000e+02,8.888888888888890616e-02
8.000000000000000000e+00,1.000000000000000000e+03,5.000000000000000000e+02,5.000000000000000000e+01,2.000000000000000111e-01,1.000000000000000056e-01,3.000000000000000000e+01,2.500000000000000000e+02,8.888888888888890616e-02
1.800000000000000000e+01,1.000000000000000000e+03,5.000000000000000000e+02,5.000000000000000000e+01,1.000000000000000056e-01,2.000000000000000111e-01,6.000000000000000000e+01,5.000000000000000000e+02,1.910112359550562022e-01
8.000000000000000000e+00,1.000000000000000000e+03,5.000000000000000000e+02,5.000000000000000000e+01,2.000000000000000111e-01,1.000000000000000056e-01,4.000000000000000000e+01,2.500000000000000000e+02,8.888888888888890616e-02
2.700000000000000000e+01,1.000000000000000000e+03,5.000000000000000000e+02,5.000000000000000000e+01,4.000000000000000222e-01,2.000000000000000111e-01,2.000000000000000000e+01,5.000000000000000000e+02,2.061855670103096561e-02
8.000000000000000000e+00,1.000000000000000000e+03,5.000000000000000000e+02,5.000000000000000000e+01,2.000000000000000111e-01,1.000000000000000056e-01,6.000000000000000000e+01,2.500000000000000000e+02,8.888888888888890616e-02
2.700000000000000000e+01,1.000000000000000000e+03,5.000000000000000000e+02,5.000000000000000000e+01,4.000000000000000222e-01,2.000000000000000111e-01,3.000000000000000000e+01,5.000000000000000000e+02,2.061855670103096561e-02
8.000000000000000000e+00,1.000000000000000000e+03,5.000000000000000000e+02,5.000000000000000000e+01,2.000000000000000111e-01,1.000000000000000056e-01,2.000000000000000000e+01,5.000000000000000000e+02,8.888888888888890616e-02
1.800000000000000000e+01,1.000000000000000000e+03,5.000000000000000000e+02,5.000000000000000000e+01,1.000000000000000056e-01,4.000000000000000222e-01,2.000000000000000000e+01,2.500000000000000000e+02,1.812865497076023846e-01
8.000000000000000000e+00,1.000000000000000000e+03,5.000000000000000000e+02,5.000000000000000000e+01,2.000000000000000111e-01,1.000000000000000056e-01,3.000000000000000000e+01,5.000000000000000000e+02,8.888888888888890616e-02
2.700000000000000000e+01,1.000000000000000000e+03,5.000000000000000000e+02,5.000000000000000000e+01,4.000000000000000222e-01,2.000000000000000111e-01,4.000000000000000000e+01,5.000000000000000000e+02,2.061855670103096561e-02
8.000000000000000000e+00,1.000000000000000000e+03,5.000000000000000000e+02,5.000000000000000000e+01,2.000000000000000111e-01,1.000000000000000056e-01,4.000000000000000000e+01,5.000000000000000000e+02,8.888888888888890616e-02
1.800000000000000000e+01,1.000000000000000000e+03,5.000000000000000000e+02,5.000000000000000000e+01,1.000000000000000056e-01,4.000000000000000222e-01,3.000000000000000000e+01,2.500000000000000000e+02,1.754385964912280604e-01
8.000000000000000000e+00,1.000000000000000000e+03,5.000000000000000000e+02,5.000000000000000000e+01,2.000000000000000111e-01,1.000000000000000056e-01,6.000000000000000000e+01,5.000000000000000000e+02,1.111111111111111605e-01
8.000000000000000000e+00,1.000000000000000000e+03,5.000000000000000000e+02,5.000000000000000000e+01,2.000000000000000111e-01,2.000000000000000111e-01,2.000000000000000000e+01,2.500000000000000000e+02,2.783505154639175361e-01
1.800000000000000000e+01,1.000000000000000000e+03,5.000000000000000000e+02,5.000000000000000000e+01,1.000000000000000056e-01,4.000000000000000222e-01,4.000000000000000000e+01,2.500000000000000000e+02,1.695906432748538473e-01
2.700000000000000000e+01,1.000000000000000000e+03,5.000000000000000000e+02,5.000000000000000000e+01,4.000000000000000222e-01,2.000000000000000111e-01,6.000000000000000000e+01,5.000000000000000000e+02,4.123711340206182019e-02
8.000000000000000000e+00,1.000000000000000000e+03,5.000000000000000000e+02,5.000000000000000000e+01,2.000000000000000111e-01,2.000000000000000111e-01,3.000000000000000000e+01,2.500000000000000000e+02,3.402061855670103219e-01
8.000000000000000000e+00,1.000000000000000000e+03,5.000000000000000000e+02,5.000000000000000000e+01,2.000000000000000111e-01,2.000000000000000111e-01,4.000000000000000000e+01,2.500000000000000000e+02,2.886597938144329634e-01
8.000000000000000000e+00,1.000000000000000000e+03,5.000000000000000000e+02,5.000000000000000000e+01,2.000000000000000111e-01,2.000000000000000111e-01,6.000000000000000000e+01,2.500000000000000000e+02,3.298969072164948946e-01
8.000000000000000000e+00,1.000000000000000000e+03,5.000000000000000000e+02,5.000000000000000000e+01,2.000000000000000111e-01,2.000000000000000111e-01,2.000000000000000000e+01,5.000000000000000000e+02,2.783505154639175361e-01
8.000000000000000000e+00,1.000000000000000000e+03,5.000000000000000000e+02,5.000000000000000000e+01,2.000000000000000111e-01,2.000000000000000111e-01,3.000000000000000000e+01,5.000000000000000000e+02,3.092783505154639290e-01
8.000000000000000000e+00,1.000000000000000000e+03,5.000000000000000000e+02,5.000000000000000000e+01,2.000000000000000111e-01,2.000000000000000111e-01,4.000000000000000000e+01,5.000000000000000000e+02,3.092783505154639290e-01
8.000000000000000000e+00,1.000000000000000000e+03,5.000000000000000000e+02,5.000000000000000000e+01,2.000000000000000111e-01,2.000000000000000111e-01,6.000000000000000000e+01,5.000000000000000000e+02,3.711340206185567148e-01
1.800000000000000000e+01,1.000000000000000000e+03,5.000000000000000000e+02,5.000000000000000000e+01,1.000000000000000056e-01,4.000000000000000222e-01,6.000000000000000000e+01,2.500000000000000000e+02,1.812865497076023846e-01
1.800000000000000000e+01,1.000000000000000000e+03,5.000000000000000000e+02,5.000000000000000000e+01,1.000000000000000056e-01,4.000000000000000222e-01,2.000000000000000000e+01,5.000000000000000000e+02,1.637426900584795231e-01
1.800000000000000000e+01,1.000000000000000000e+03,5.000000000000000000e+02,5.000000000000000000e+01,1.000000000000000056e-01,4.000000000000000222e-01,3.000000000000000000e+01,5.000000000000000000e+02,1.871345029239765978e-01
1.800000000000000000e+01,1.000000000000000000e+03,5.000000000000000000e+02,5.000000000000000000e+01,1.000000000000000056e-01,4.000000000000000222e-01,4.000000000000000000e+01,5.000000000000000000e+02,1.754385964912280604e-01
1.800000000000000000e+01,1.000000000000000000e+03,5.000000000000000000e+02,5.000000000000000000e+01,1.000000000000000056e-01,4.000000000000000222e-01,6.000000000000000000e+01,5.000000000000000000e+02,1.754385964912280604e-01
1.800000000000000000e+01,1.000000000000000000e+03,5.000000000000000000e+02,5.000000000000000000e+01,2.000000000000000111e-01,1.000000000000000056e-01,2.000000000000000000e+01,2.500000000000000000e+02,6.000000000000005329e-02
1.800000000000000000e+01,1.000000000000000000e+03,5.000000000000000000e+02,5.000000000000000000e+01,2.000000000000000111e-01,1.000000000000000056e-01,3.000000000000000000e+01,2.500000000000000000e+02,7.999999999999996003e-02
1.800000000000000000e+01,1.000000000000000000e+03,5.000000000000000000e+02,5.000000000000000000e+01,2.000000000000000111e-01,1.000000000000000056e-01,4.000000000000000000e+01,2.500000000000000000e+02,7.999999999999996003e-02
1.800000000000000000e+01,1.000000000000000000e+03,5.000000000000000000e+02,5.000000000000000000e+01,2.000000000000000111e-01,1.000000000000000056e-01,6.000000000000000000e+01,2.500000000000000000e+02,7.999999999999996003e-02
2.700000000000000000e+01,1.000000000000000000e+03,5.000000000000000000e+02,5.000000000000000000e+01,4.000000000000000222e-01,4.000000000000000222e-01,2.000000000000000000e+01,2.500000000000000000e+02,8.947368421052626086e-02
1.800000000000000000e+01,1.000000000000000000e+03,5.000000000000000000e+02,5.000000000000000000e+01,2.000000000000000111e-01,1.000000000000000056e-01,2.000000000000000000e+01,5.000000000000000000e+02,6.000000000000005329e-02
1.800000000000000000e+01,1.000000000000000000e+03,5.000000000000000000e+02,5.000000000000000000e+01,2.000000000000000111e-01,1.000000000000000056e-01,3.000000000000000000e+01,5.000000000000000000e+02,7.999999999999996003e-02
1.800000000000000000e+01,1.000000000000000000e+03,5.000000000000000000e+02,5.000000000000000000e+01,2.000000000000000111e-01,1.000000000000000056e-01,4.000000000000000000e+01,5.000000000000000000e+02,7.999999999999996003e-02
8.000000000000000000e+00,1.000000000000000000e+03,5.000000000000000000e+02,5.000000000000000000e+01,2.000000000000000111e-01,4.000000000000000222e-01,2.000000000000000000e+01,2.500000000000000000e+02,8.900523560209427920e-02
1.800000000000000000e+01,1.000000000000000000e+03,5.000000000000000000e+02,5.000000000000000000e+01,2.000000000000000111e-01,1.000000000000000056e-01,6.000000000000000000e+01,5.000000000000000000e+02,9.999999999999997780e-02
1.800000000000000000e+01,1.000000000000000000e+03,5.000000000000000000e+02,5.000000000000000000e+01,2.000000000000000111e-01,2.000000000000000111e-01,2.000000000000000000e+01,2.500000000000000000e+02,1.899999999999999467e-01
1.800000000000000000e+01,1.000000000000000000e+03,5.000000000000000000e+02,5.000000000000000000e+01,2.000000000000000111e-01,2.000000000000000111e-01,3.000000000000000000e+01,2.500000000000000000e+02,1.700000000000000400e-01
1.800000000000000000e+01,1.000000000000000000e+03,5.000000000000000000e+02,5.000000000000000000e+01,2.000000000000000111e-01,2.000000000000000111e-01,4.000000000000000000e+01,2.500000000000000000e+02,2.199999999999999734e-01
1.800000000000000000e+01,1.000000000000000000e+03,5.000000000000000000e+02,5.000000000000000000e+01,2.000000000000000111e-01,2.000000000000000111e-01,6.000000000000000000e+01,2.500000000000000000e+02,2.199999999999999734e-01
1.800000000000000000e+01,1.000000000000000000e+03,5.000000000000000000e+02,5.000000000000000000e+01,2.000000000000000111e-01,2.000000000000000111e-01,2.000000000000000000e+01,5.000000000000000000e+02,3.000000000000000444e-01
1.800000000000000000e+01,1.000000000000000000e+03,5.000000000000000000e+02,5.000000000000000000e+01,2.000000000000000111e-01,2.000000000000000111e-01,3.000000000000000000e+01,5.000000000000000000e+02,3.299999999999999600e-01
1.800000000000000000e+01,1.000000000000000000e+03,5.000000000000000000e+02,5.000000000000000000e+01,2.000000000000000111e-01,2.000000000000000111e-01,4.000000000000000000e+01,5.000000000000000000e+02,2.900000000000000355e-01
1.800000000000000000e+01,1.000000000000000000e+03,5.000000000000000000e+02,5.000000000000000000e+01,2.000000000000000111e-01,2.000000000000000111e-01,6.000000000000000000e+01,5.000000000000000000e+02,3.100000000000000533e-01
2.700000000000000000e+01,1.000000000000000000e+03,5.000000000000000000e+02,5.000000000000000000e+01,4.000000000000000222e-01,4.000000000000000222e-01,3.000000000000000000e+01,2.500000000000000000e+02,9.999999999999997780e-02
8.000000000000000000e+00,1.000000000000000000e+03,5.000000000000000000e+02,5.000000000000000000e+01,2.000000000000000111e-01,4.000000000000000222e-01,3.000000000000000000e+01,2.500000000000000000e+02,8.376963350785338047e-02
2.700000000000000000e+01,1.000000000000000000e+03,5.000000000000000000e+02,5.000000000000000000e+01,4.000000000000000222e-01,4.000000000000000222e-01,4.000000000000000000e+01,2.500000000000000000e+02,7.368421052631579649e-02
1.800000000000000000e+01,1.000000000000000000e+03,5.000000000000000000e+02,5.000000000000000000e+01,2.000000000000000111e-01,4.000000000000000222e-01,2.000000000000000000e+01,2.500000000000000000e+02,1.475409836065574298e-01
8.000000000000000000e+00,1.000000000000000000e+03,5.000000000000000000e+02,5.000000000000000000e+01,2.000000000000000111e-01,4.000000000000000222e-01,4.000000000000000000e+01,2.500000000000000000e+02,1.151832460732984398e-01
1.800000000000000000e+01,1.000000000000000000e+03,5.000000000000000000e+02,5.000000000000000000e+01,2.000000000000000111e-01,4.000000000000000222e-01,3.000000000000000000e+01,2.500000000000000000e+02,1.693989071038251026e-01
1.800000000000000000e+01,1.000000000000000000e+03,5.000000000000000000e+02,5.000000000000000000e+01,2.000000000000000111e-01,4.000000000000000222e-01,4.000000000000000000e+01,2.500000000000000000e+02,1.748633879781420486e-01
2.700000000000000000e+01,1.000000000000000000e+03,5.000000000000000000e+02,5.000000000000000000e+01,4.000000000000000222e-01,4.000000000000000222e-01,6.000000000000000000e+01,2.500000000000000000e+02,8.947368421052626086e-02
8.000000000000000000e+00,1.000000000000000000e+03,5.000000000000000000e+02,5.000000000000000000e+01,2.000000000000000111e-01,4.000000000000000222e-01,6.000000000000000000e+01,2.500000000000000000e+02,9.424083769633506691e-02
1.800000000000000000e+01,1.000000000000000000e+03,5.000000000000000000e+02,5.000000000000000000e+01,2.000000000000000111e-01,4.000000000000000222e-01,6.000000000000000000e+01,2.500000000000000000e+02,1.530054644808742648e-01
2.700000000000000000e+01,1.000000000000000000e+03,5.000000000000000000e+02,5.000000000000000000e+01,4.000000000000000222e-01,4.000000000000000222e-01,2.000000000000000000e+01,5.000000000000000000e+02,7.368421052631579649e-02
8.000000000000000000e+00,1.000000000000000000e+03,5.000000000000000000e+02,5.000000000000000000e+01,2.000000000000000111e-01,4.000000000000000222e-01,2.000000000000000000e+01,5.000000000000000000e+02,7.853403141361259276e-02
1.800000000000000000e+01,1.000000000000000000e+03,5.000000000000000000e+02,5.000000000000000000e+01,2.000000000000000111e-01,4.000000000000000222e-01,2.000000000000000000e+01,5.000000000000000000e+02,6.557377049180324047e-02
1.800000000000000000e+01,1.000000000000000000e+03,5.000000000000000000e+02,5.000000000000000000e+01,2.000000000000000111e-01,4.000000000000000222e-01,3.000000000000000000e+01,5.000000000000000000e+02,9.289617486338797026e-02
1.800000000000000000e+01,1.000000000000000000e+03,5.000000000000000000e+02,5.000000000000000000e+01,2.000000000000000111e-01,4.000000000000000222e-01,4.000000000000000000e+01,5.000000000000000000e+02,8.196721311475407834e-02
8.000000000000000000e+00,1.000000000000000000e+03,5.000000000000000000e+02,5.000000000000000000e+01,2.000000000000000111e-01,4.000000000000000222e-01,3.000000000000000000e+01,5.000000000000000000e+02,6.806282722513090633e-02
2.700000000000000000e+01,1.000000000000000000e+03,5.000000000000000000e+02,5.000000000000000000e+01,4.000000000000000222e-01,4.000000000000000222e-01,3.000000000000000000e+01,5.000000000000000000e+02,6.315789473684207955e-02
1.800000000000000000e+01,1.000000000000000000e+03,5.000000000000000000e+02,5.000000000000000000e+01,2.000000000000000111e-01,4.000000000000000222e-01,6.000000000000000000e+01,5.000000000000000000e+02,1.475409836065574298e-01
8.000000000000000000e+00,1.000000000000000000e+03,5.000000000000000000e+02,5.000000000000000000e+01,2.000000000000000111e-01,4.000000000000000222e-01,4.000000000000000000e+01,5.000000000000000000e+02,6.806282722513090633e-02
1.800000000000000000e+01,1.000000000000000000e+03,5.000000000000000000e+02,5.000000000000000000e+01,4.000000000000000222e-01,1.000000000000000056e-01,2.000000000000000000e+01,2.500000000000000000e+02,3.199999999999999512e-01
1.800000000000000000e+01,1.000000000000000000e+03,5.000000000000000000e+02,5.000000000000000000e+01,4.000000000000000222e-01,1.000000000000000056e-01,3.000000000000000000e+01,2.500000000000000000e+02,3.599999999999999867e-01
1.800000000000000000e+01,1.000000000000000000e+03,5.000000000000000000e+02,5.000000000000000000e+01,4.000000000000000222e-01,1.000000000000000056e-01,4.000000000000000000e+01,2.500000000000000000e+02,3.800000000000000044e-01
2.700000000000000000e+01,1.000000000000000000e+03,5.000000000000000000e+02,5.000000000000000000e+01,4.000000000000000222e-01,4.000000000000000222e-01,4.000000000000000000e+01,5.000000000000000000e+02,8.947368421052626086e-02
1.800000000000000000e+01,1.000000000000000000e+03,5.000000000000000000e+02,5.000000000000000000e+01,4.000000000000000222e-01,1.000000000000000056e-01,6.000000000000000000e+01,2.500000000000000000e+02,4.000000000000000222e-01
1.800000000000000000e+01,1.000000000000000000e+03,5.000000000000000000e+02,5.000000000000000000e+01,4.000000000000000222e-01,1.000000000000000056e-01,2.000000000000000000e+01,5.000000000000000000e+02,1.800000000000000488e-01
1.800000000000000000e+01,1.000000000000000000e+03,5.000000000000000000e+02,5.000000000000000000e+01,4.000000000000000222e-01,1.000000000000000056e-01,3.000000000000000000e+01,5.000000000000000000e+02,2.199999999999999734e-01
1.800000000000000000e+01,1.000000000000000000e+03,5.000000000000000000e+02,5.000000000000000000e+01,4.000000000000000222e-01,1.000000000000000056e-01,4.000000000000000000e+01,5.000000000000000000e+02,1.199999999999999956e-01
1.800000000000000000e+01,1.000000000000000000e+03,5.000000000000000000e+02,5.000000000000000000e+01,4.000000000000000222e-01,1.000000000000000056e-01,6.000000000000000000e+01,5.000000000000000000e+02,1.600000000000000311e-01
8.000000000000000000e+00,1.000000000000000000e+03,5.000000000000000000e+02,5.000000000000000000e+01,2.000000000000000111e-01,4.000000000000000222e-01,6.000000000000000000e+01,5.000000000000000000e+02,6.806282722513090633e-02
8.000000000000000000e+00,1.000000000000000000e+03,5.000000000000000000e+02,5.000000000000000000e+01,4.000000000000000222e-01,1.000000000000000056e-01,2.000000000000000000e+01,2.500000000000000000e+02,1.020408163265306145e-01
8.000000000000000000e+00,1.000000000000000000e+03,5.000000000000000000e+02,5.000000000000000000e+01,4.000000000000000222e-01,1.000000000000000056e-01,3.000000000000000000e+01,2.500000000000000000e+02,1.020408163265306145e-01
8.000000000000000000e+00,1.000000000000000000e+03,5.000000000000000000e+02,5.000000000000000000e+01,4.000000000000000222e-01,1.000000000000000056e-01,4.000000000000000000e+01,2.500000000000000000e+02,1.020408163265306145e-01
2.700000000000000000e+01,1.000000000000000000e+03,5.000000000000000000e+02,5.000000000000000000e+01,4.000000000000000222e-01,4.000000000000000222e-01,6.000000000000000000e+01,5.000000000000000000e+02,6.842105263157893802e-02
8.000000000000000000e+00,1.000000000000000000e+03,5.000000000000000000e+02,5.000000000000000000e+01,4.000000000000000222e-01,1.000000000000000056e-01,6.000000000000000000e+01,2.500000000000000000e+02,1.428571428571429047e-01
8.000000000000000000e+00,1.000000000000000000e+03,5.000000000000000000e+02,5.000000000000000000e+01,4.000000000000000222e-01,1.000000000000000056e-01,2.000000000000000000e+01,5.000000000000000000e+02,4.081632653061229021e-02
2.800000000000000000e+01,1.000000000000000000e+03,5.000000000000000000e+02,5.000000000000000000e+01,1.000000000000000056e-01,1.000000000000000056e-01,2.000000000000000000e+01,2.500000000000000000e+02,1.999999999999999556e-01
8.000000000000000000e+00,1.000000000000000000e+03,5.000000000000000000e+02,5.000000000000000000e+01,4.000000000000000222e-01,1.000000000000000056e-01,3.000000000000000000e+01,5.000000000000000000e+02,4.081632653061229021e-02
8.000000000000000000e+00,1.000000000000000000e+03,5.000000000000000000e+02,5.000000000000000000e+01,4.000000000000000222e-01,1.000000000000000056e-01,4.000000000000000000e+01,5.000000000000000000e+02,4.081632653061229021e-02
2.800000000000000000e+01,1.000000000000000000e+03,5.000000000000000000e+02,5.000000000000000000e+01,1.000000000000000056e-01,1.000000000000000056e-01,3.000000000000000000e+01,2.500000000000000000e+02,2.222222222222222099e-01
2.800000000000000000e+01,1.000000000000000000e+03,5.000000000000000000e+02,5.000000000000000000e+01,1.000000000000000056e-01,1.000000000000000056e-01,4.000000000000000000e+01,2.500000000000000000e+02,2.222222222222222099e-01
8.000000000000000000e+00,1.000000000000000000e+03,5.000000000000000000e+02,5.000000000000000000e+01,4.000000000000000222e-01,1.000000000000000056e-01,6.000000000000000000e+01,5.000000000000000000e+02,4.081632653061229021e-02
2.800000000000000000e+01,1.000000000000000000e+03,5.000000000000000000e+02,5.000000000000000000e+01,1.000000000000000056e-01,1.000000000000000056e-01,6.000000000000000000e+01,2.500000000000000000e+02,2.222222222222222099e-01
2.800000000000000000e+01,1.000000000000000000e+03,5.000000000000000000e+02,5.000000000000000000e+01,1.000000000000000056e-01,1.000000000000000056e-01,2.000000000000000000e+01,5.000000000000000000e+02,1.555555555555555580e-01
2.800000000000000000e+01,1.000000000000000000e+03,5.000000000000000000e+02,5.000000000000000000e+01,1.000000000000000056e-01,1.000000000000000056e-01,3.000000000000000000e+01,5.000000000000000000e+02,1.555555555555555580e-01
2.800000000000000000e+01,1.000000000000000000e+03,5.000000000000000000e+02,5.000000000000000000e+01,1.000000000000000056e-01,1.000000000000000056e-01,4.000000000000000000e+01,5.000000000000000000e+02,1.555555555555555580e-01
1.800000000000000000e+01,1.000000000000000000e+03,5.000000000000000000e+02,5.000000000000000000e+01,4.000000000000000222e-01,2.000000000000000111e-01,2.000000000000000000e+01,2.500000000000000000e+02,3.157894736842103978e-02
2.800000000000000000e+01,1.000000000000000000e+03,5.000000000000000000e+02,5.000000000000000000e+01,1.000000000000000056e-01,1.000000000000000056e-01,6.000000000000000000e+01,5.000000000000000000e+02,1.777777777777778123e-01
2.800000000000000000e+01,1.000000000000000000e+03,5.000000000000000000e+02,5.000000000000000000e+01,1.000000000000000056e-01,2.000000000000000111e-01,2.000000000000000000e+01,2.500000000000000000e+02,1.935483870967742437e-01
2.800000000000000000e+01,1.000000000000000000e+03,5.000000000000000000e+02,5.000000000000000000e+01,1.000000000000000056e-01,2.000000000000000111e-01,3.000000000000000000e+01,2.500000000000000000e+02,2.043010752688172449e-01
2.800000000000000000e+01,1.000000000000000000e+03,5.000000000000000000e+02,5.000000000000000000e+01,1.000000000000000056e-01,2.000000000000000111e-01,4.000000000000000000e+01,2.500000000000000000e+02,2.258064516129032473e-01
8.000000000000000000e+00,1.000000000000000000e+03,5.000000000000000000e+02,5.000000000000000000e+01,4.000000000000000222e-01,2.000000000000000111e-01,2.000000000000000000e+01,2.500000000000000000e+02,7.142857142857139685e-02
2.800000000000000000e+01,1.000000000000000000e+03,5.000000000000000000e+02,5.000000000000000000e+01,1.000000000000000056e-01,2.000000000000000111e-01,6.000000000000000000e+01,2.500000000000000000e+02,2.473118279569892497e-01
1.800000000000000000e+01,1.000000000000000000e+03,5.000000000000000000e+02,5.000000000000000000e+01,4.000000000000000222e-01,2.000000000000000111e-01,3.000000000000000000e+01,2.500000000000000000e+02,3.157894736842103978e-02
2.800000000000000000e+01,1.000000000000000000e+03,5.000000000000000000e+02,5.000000000000000000e+01,1.000000000000000056e-01,2.000000000000000111e-01,2.000000000000000000e+01,5.000000000000000000e+02,2.043010752688172449e-01
2.800000000000000000e+01,1.000000000000000000e+03,5.000000000000000000e+02,5.000000000000000000e+01,1.000000000000000056e-01,2.000000000000000111e-01,3.000000000000000000e+01,5.000000000000000000e+02,2.150537634408602461e-01
2.800000000000000000e+01,1.000000000000000000e+03,5.000000000000000000e+02,5.000000000000000000e+01,1.000000000000000056e-01,2.000000000000000111e-01,4.000000000000000000e+01,5.000000000000000000e+02,2.258064516129032473e-01
8.000000000000000000e+00,1.000000000000000000e+03,5.000000000000000000e+02,5.000000000000000000e+01,4.000000000000000222e-01,2.000000000000000111e-01,3.000000000000000000e+01,2.500000000000000000e+02,7.142857142857139685e-02
2.800000000000000000e+01,1.000000000000000000e+03,5.000000000000000000e+02,5.000000000000000000e+01,1.000000000000000056e-01,2.000000000000000111e-01,6.000000000000000000e+01,5.000000000000000000e+02,2.580645161290322509e-01
2.800000000000000000e+01,1.000000000000000000e+03,5.000000000000000000e+02,5.000000000000000000e+01,1.000000000000000056e-01,4.000000000000000222e-01,2.000000000000000000e+01,2.500000000000000000e+02,1.043956043956043578e-01
2.800000000000000000e+01,1.000000000000000000e+03,5.000000000000000000e+02,5.000000000000000000e+01,1.000000000000000056e-01,4.000000000000000222e-01,3.000000000000000000e+01,2.500000000000000000e+02,7.142857142857139685e-02
1.800000000000000000e+01,1.000000000000000000e+03,5.000000000000000000e+02,5.000000000000000000e+01,4.000000000000000222e-01,2.000000000000000111e-01,4.000000000000000000e+01,2.500000000000000000e+02,3.157894736842103978e-02
2.800000000000000000e+01,1.000000000000000000e+03,5.000000000000000000e+02,5.000000000000000000e+01,1.000000000000000056e-01,4.000000000000000222e-01,4.000000000000000000e+01,2.500000000000000000e+02,6.593406593406592187e-02
8.000000000000000000e+00,1.000000000000000000e+03,5.000000000000000000e+02,5.000000000000000000e+01,4.000000000000000222e-01,2.000000000000000111e-01,4.000000000000000000e+01,2.500000000000000000e+02,8.163265306122446940e-02
2.800000000000000000e+01,1.000000000000000000e+03,5.000000000000000000e+02,5.000000000000000000e+01,1.000000000000000056e-01,4.000000000000000222e-01,6.000000000000000000e+01,2.500000000000000000e+02,1.043956043956043578e-01
2.800000000000000000e+01,1.000000000000000000e+03,5.000000000000000000e+02,5.000000000000000000e+01,1.000000000000000056e-01,4.000000000000000222e-01,2.000000000000000000e+01,5.000000000000000000e+02,1.153846153846154188e-01
2.800000000000000000e+01,1.000000000000000000e+03,5.000000000000000000e+02,5.000000000000000000e+01,1.000000000000000056e-01,4.000000000000000222e-01,3.000000000000000000e+01,5.000000000000000000e+02,7.692307692307687184e-02
2.800000000000000000e+01,1.000000000000000000e+03,5.000000000000000000e+02,5.000000000000000000e+01,1.000000000000000056e-01,4.000000000000000222e-01,4.000000000000000000e+01,5.000000000000000000e+02,6.043956043956044688e-02
2.800000000000000000e+01,1.000000000000000000e+03,5.000000000000000000e+02,5.000000000000000000e+01,1.000000000000000056e-01,4.000000000000000222e-01,6.000000000000000000e+01,5.000000000000000000e+02,6.043956043956044688e-02
2.800000000000000000e+01,1.000000000000000000e+03,5.000000000000000000e+02,5.000000000000000000e+01,2.000000000000000111e-01,1.000000000000000056e-01,2.000000000000000000e+01,2.500000000000000000e+02,8.163265306122446940e-02
2.800000000000000000e+01,1.000000000000000000e+03,5.000000000000000000e+02,5.000000000000000000e+01,2.000000000000000111e-01,1.000000000000000056e-01,3.000000000000000000e+01,2.500000000000000000e+02,8.163265306122446940e-02
2.800000000000000000e+01,1.000000000000000000e+03,5.000000000000000000e+02,5.000000000000000000e+01,2.000000000000000111e-01,1.000000000000000056e-01,4.000000000000000000e+01,2.500000000000000000e+02,8.163265306122446940e-02
8.000000000000000000e+00,1.000000000000000000e+03,5.000000000000000000e+02,5.000000000000000000e+01,4.000000000000000222e-01,2.000000000000000111e-01,6.000000000000000000e+01,2.500000000000000000e+02,8.163265306122446940e-02
1.800000000000000000e+01,1.000000000000000000e+03,5.000000000000000000e+02,5.000000000000000000e+01,4.000000000000000222e-01,2.000000000000000111e-01,6.000000000000000000e+01,2.500000000000000000e+02,4.210526315789475671e-02
2.800000000000000000e+01,1.000000000000000000e+03,5.000000000000000000e+02,5.000000000000000000e+01,2.000000000000000111e-01,1.000000000000000056e-01,6.000000000000000000e+01,2.500000000000000000e+02,1.020408163265306145e-01
8.000000000000000000e+00,1.000000000000000000e+03,5.000000000000000000e+02,5.000000000000000000e+01,4.000000000000000222e-01,2.000000000000000111e-01,2.000000000000000000e+01,5.000000000000000000e+02,8.163265306122446940e-02
2.800000000000000000e+01,1.000000000000000000e+03,5.000000000000000000e+02,5.000000000000000000e+01,2.000000000000000111e-01,1.000000000000000056e-01,2.000000000000000000e+01,5.000000000000000000e+02,6.122448979591832430e-02
8.000000000000000000e+00,1.000000000000000000e+03,5.000000000000000000e+02,5.000000000000000000e+01,4.000000000000000222e-01,2.000000000000000111e-01,3.000000000000000000e+01,5.000000000000000000e+02,8.163265306122446940e-02
2.800000000000000000e+01,1.000000000000000000e+03,5.000000000000000000e+02,5.000000000000000000e+01,2.000000000000000111e-01,1.000000000000000056e-01,3.000000000000000000e+01,5.000000000000000000e+02,6.122448979591832430e-02
1.800000000000000000e+01,1.000000000000000000e+03,5.000000000000000000e+02,5.000000000000000000e+01,4.000000000000000222e-01,2.000000000000000111e-01,2.000000000000000000e+01,5.000000000000000000e+02,4.210526315789475671e-02
2.800000000000000000e+01,1.000000000000000000e+03,5.000000000000000000e+02,5.000000000000000000e+01,2.000000000000000111e-01,1.000000000000000056e-01,4.000000000000000000e+01,5.000000000000000000e+02,8.163265306122446940e-02
8.000000000000000000e+00,1.000000000000000000e+03,5.000000000000000000e+02,5.000000000000000000e+01,4.000000000000000222e-01,2.000000000000000111e-01,4.000000000000000000e+01,5.000000000000000000e+02,8.163265306122446940e-02
1.800000000000000000e+01,1.000000000000000000e+03,5.000000000000000000e+02,5.000000000000000000e+01,4.000000000000000222e-01,2.000000000000000111e-01,3.000000000000000000e+01,5.000000000000000000e+02,4.210526315789475671e-02
2.800000000000000000e+01,1.000000000000000000e+03,5.000000000000000000e+02,5.000000000000000000e+01,2.000000000000000111e-01,1.000000000000000056e-01,6.000000000000000000e+01,5.000000000000000000e+02,1.020408163265306145e-01
8.000000000000000000e+00,1.000000000000000000e+03,5.000000000000000000e+02,5.000000000000000000e+01,4.000000000000000222e-01,2.000000000000000111e-01,6.000000000000000000e+01,5.000000000000000000e+02,1.020408163265306145e-01
1.800000000000000000e+01,1.000000000000000000e+03,5.000000000000000000e+02,5.000000000000000000e+01,4.000000000000000222e-01,2.000000000000000111e-01,4.000000000000000000e+01,5.000000000000000000e+02,4.210526315789475671e-02
1.800000000000000000e+01,1.000000000000000000e+03,5.000000000000000000e+02,5.000000000000000000e+01,4.000000000000000222e-01,2.000000000000000111e-01,6.000000000000000000e+01,5.000000000000000000e+02,5.263157894736847364e-02
2.800000000000000000e+01,1.000000000000000000e+03,5.000000000000000000e+02,5.000000000000000000e+01,2.000000000000000111e-01,2.000000000000000111e-01,2.000000000000000000e+01,2.500000000000000000e+02,7.216494845360821309e-02
2.800000000000000000e+01,1.000000000000000000e+03,5.000000000000000000e+02,5.000000000000000000e+01,2.000000000000000111e-01,2.000000000000000111e-01,3.000000000000000000e+01,2.500000000000000000e+02,1.030927835051546060e-01
2.800000000000000000e+01,1.000000000000000000e+03,5.000000000000000000e+02,5.000000000000000000e+01,2.000000000000000111e-01,2.000000000000000111e-01,4.000000000000000000e+01,2.500000000000000000e+02,1.030927835051546060e-01
8.000000000000000000e+00,1.000000000000000000e+03,5.000000000000000000e+02,5.000000000000000000e+01,4.000000000000000222e-01,4.000000000000000222e-01,2.000000000000000000e+01,2.500000000000000000e+02,5.376344086021500601e-02
2.800000000000000000e+01,1.000000000000000000e+03,5.000000000000000000e+02,5.000000000000000000e+01,2.000000000000000111e-01,2.000000000000000111e-01,6.000000000000000000e+01,2.500000000000000000e+02,1.030927835051546060e-01
2.800000000000000000e+01,1.000000000000000000e+03,5.000000000000000000e+02,5.000000000000000000e+01,2.000000000000000111e-01,2.000000000000000111e-01,2.000000000000000000e+01,5.000000000000000000e+02,8.247422680412375140e-02
2.800000000000000000e+01,1.000000000000000000e+03,5.000000000000000000e+02,5.000000000000000000e+01,2.000000000000000111e-01,2.000000000000000111e-01,3.000000000000000000e+01,5.000000000000000000e+02,9.278350515463917869e-02
2.800000000000000000e+01,1.000000000000000000e+03,5.000000000000000000e+02,5.000000000000000000e+01,2.000000000000000111e-01,2.000000000000000111e-01,4.000000000000000000e+01,5.000000000000000000e+02,9.278350515463917869e-02
1.800000000000000000e+01,1.000000000000000000e+03,5.000000000000000000e+02,5.000000000000000000e+01,4.000000000000000222e-01,4.000000000000000222e-01,2.000000000000000000e+01,2.500000000000000000e+02,1.191709844559585285e-01
8.000000000000000000e+00,1.000000000000000000e+03,5.000000000000000000e+02,5.000000000000000000e+01,4.000000000000000222e-01,4.000000000000000222e-01,3.000000000000000000e+01,2.500000000000000000e+02,6.451612903225811824e-02
2.800000000000000000e+01,1.000000000000000000e+03,5.000000000000000000e+02,5.000000000000000000e+01,2.000000000000000111e-01,2.000000000000000111e-01,6.000000000000000000e+01,5.000000000000000000e+02,1.134020618556701443e-01
1.800000000000000000e+01,1.000000000000000000e+03,5.000000000000000000e+02,5.000000000000000000e+01,4.000000000000000222e-01,4.000000000000000222e-01,3.000000000000000000e+01,2.500000000000000000e+02,1.243523316062176143e-01
8.000000000000000000e+00,1.000000000000000000e+03,5.000000000000000000e+02,5.000000000000000000e+01,4.000000000000000222e-01,4.000000000000000222e-01,4.000000000000000000e+01,2.500000000000000000e+02,7.526881720430111944e-02
1.800000000000000000e+01,1.000000000000000000e+03,5.000000000000000000e+02,5.000000000000000000e+01,4.000000000000000222e-01,4.000000000000000222e-01,4.000000000000000000e+01,2.500000000000000000e+02,1.347150259067357858e-01
2.800000000000000000e+01,1.000000000000000000e+03,5.000000000000000000e+02,5.000000000000000000e+01,2.000000000000000111e-01,4.000000000000000222e-01,2.000000000000000000e+01,2.500000000000000000e+02,7.894736842105265495e-02
8.000000000000000000e+00,1.000000000000000000e+03,5.000000000000000000e+02,5.000000000000000000e+01,4.000000000000000222e-01,4.000000000000000222e-01,6.000000000000000000e+01,2.500000000000000000e+02,7.526881720430111944e-02
2.800000000000000000e+01,1.000000000000000000e+03,5.000000000000000000e+02,5.000000000000000000e+01,2.000000000000000111e-01,4.000000000000000222e-01,3.000000000000000000e+01,2.500000000000000000e+02,8.421052631578951342e-02
8.000000000000000000e+00,1.000000000000000000e+03,5.000000000000000000e+02,5.000000000000000000e+01,4.000000000000000222e-01,4.000000000000000222e-01,2.000000000000000000e+01,5.000000000000000000e+02,4.838709677419350541e-02
1.800000000000000000e+01,1.000000000000000000e+03,5.000000000000000000e+02,5.000000000000000000e+01,4.000000000000000222e-01,4.000000000000000222e-01,6.000000000000000000e+01,2.500000000000000000e+02,1.398963730569948716e-01
8.000000000000000000e+00,1.000000000000000000e+03,5.000000000000000000e+02,5.000000000000000000e+01,4.000000000000000222e-01,4.000000000000000222e-01,3.000000000000000000e+01,5.000000000000000000e+02,5.913978494623650661e-02
8.000000000000000000e+00,1.000000000000000000e+03,5.000000000000000000e+02,5.000000000000000000e+01,4.000000000000000222e-01,4.000000000000000222e-01,4.000000000000000000e+01,5.000000000000000000e+02,5.913978494623650661e-02
2.800000000000000000e+01,1.000000000000000000e+03,5.000000000000000000e+02,5.000000000000000000e+01,2.000000000000000111e-01,4.000000000000000222e-01,4.000000000000000000e+01,2.500000000000000000e+02,8.947368421052626086e-02
1.800000000000000000e+01,1.000000000000000000e+03,5.000000000000000000e+02,5.000000000000000000e+01,4.000000000000000222e-01,4.000000000000000222e-01,2.000000000000000000e+01,5.000000000000000000e+02,1.036269430051813822e-01
8.000000000000000000e+00,1.000000000000000000e+03,5.000000000000000000e+02,5.000000000000000000e+01,4.000000000000000222e-01,4.000000000000000222e-01,6.000000000000000000e+01,5.000000000000000000e+02,6.451612903225811824e-02
1.800000000000000000e+01,1.000000000000000000e+03,5.000000000000000000e+02,5.000000000000000000e+01,4.000000000000000222e-01,4.000000000000000222e-01,3.000000000000000000e+01,5.000000000000000000e+02,1.088082901554404680e-01
9.000000000000000000e+00,1.000000000000000000e+03,5.000000000000000000e+02,5.000000000000000000e+01,1.000000000000000056e-01,1.000000000000000056e-01,2.000000000000000000e+01,2.500000000000000000e+02,3.125000000000000000e-01
9.000000000000000000e+00,1.000000000000000000e+03,5.000000000000000000e+02,5.000000000000000000e+01,1.000000000000000056e-01,1.000000000000000056e-01,3.000000000000000000e+01,2.500000000000000000e+02,3.125000000000000000e-01
9.000000000000000000e+00,1.000000000000000000e+03,5.000000000000000000e+02,5.000000000000000000e+01,1.000000000000000056e-01,1.000000000000000056e-01,4.000000000000000000e+01,2.500000000000000000e+02,3.125000000000000000e-01
9.000000000000000000e+00,1.000000000000000000e+03,5.000000000000000000e+02,5.000000000000000000e+01,1.000000000000000056e-01,1.000000000000000056e-01,6.000000000000000000e+01,2.500000000000000000e+02,3.333333333333333703e-01
9.000000000000000000e+00,1.000000000000000000e+03,5.000000000000000000e+02,5.000000000000000000e+01,1.000000000000000056e-01,1.000000000000000056e-01,2.000000000000000000e+01,5.000000000000000000e+02,2.500000000000000000e-01
9.000000000000000000e+00,1.000000000000000000e+03,5.000000000000000000e+02,5.000000000000000000e+01,1.000000000000000056e-01,1.000000000000000056e-01,3.000000000000000000e+01,5.000000000000000000e+02,2.916666666666666297e-01
9.000000000000000000e+00,1.000000000000000000e+03,5.000000000000000000e+02,5.000000000000000000e+01,1.000000000000000056e-01,1.000000000000000056e-01,4.000000000000000000e+01,5.000000000000000000e+02,3.125000000000000000e-01
1.800000000000000000e+01,1.000000000000000000e+03,5.000000000000000000e+02,5.000000000000000000e+01,4.000000000000000222e-01,4.000000000000000222e-01,4.000000000000000000e+01,5.000000000000000000e+02,1.139896373056994427e-01
9.000000000000000000e+00,1.000000000000000000e+03,5.000000000000000000e+02,5.000000000000000000e+01,1.000000000000000056e-01,1.000000000000000056e-01,6.000000000000000000e+01,5.000000000000000000e+02,3.541666666666666297e-01
9.000000000000000000e+00,1.000000000000000000e+03,5.000000000000000000e+02,5.000000000000000000e+01,1.000000000000000056e-01,2.000000000000000111e-01,2.000000000000000000e+01,2.500000000000000000e+02,2.842105263157894690e-01
9.000000000000000000e+00,1.000000000000000000e+03,5.000000000000000000e+02,5.000000000000000000e+01,1.000000000000000056e-01,2.000000000000000111e-01,3.000000000000000000e+01,2.500000000000000000e+02,3.157894736842105088e-01
9.000000000000000000e+00,1.000000000000000000e+03,5.000000000000000000e+02,5.000000000000000000e+01,1.000000000000000056e-01,2.000000000000000111e-01,4.000000000000000000e+01,2.500000000000000000e+02,3.368421052631579427e-01
9.000000000000000000e+00,1.000000000000000000e+03,5.000000000000000000e+02,5.000000000000000000e+01,1.000000000000000056e-01,2.000000000000000111e-01,6.000000000000000000e+01,2.500000000000000000e+02,3.684210526315789824e-01
9.000000000000000000e+00,1.000000000000000000e+03,5.000000000000000000e+02,5.000000000000000000e+01,1.000000000000000056e-01,2.000000000000000111e-01,2.000000000000000000e+01,5.000000000000000000e+02,2.105263157894736725e-01
9.000000000000000000e+00,1.000000000000000000e+03,5.000000000000000000e+02,5.000000000000000000e+01,1.000000000000000056e-01,2.000000000000000111e-01,3.000000000000000000e+01,5.000000000000000000e+02,4.000000000000000222e-01
9.000000000000000000e+00,1.000000000000000000e+03,5.000000000000000000e+02,5.000000000000000000e+01,1.000000000000000056e-01,2.000000000000000111e-01,4.000000000000000000e+01,5.000000000000000000e+02,2.842105263157894690e-01
9.000000000000000000e+00,1.000000000000000000e+03,5.000000000000000000e+02,5.000000000000000000e+01,1.000000000000000056e-01,2.000000000000000111e-01,6.000000000000000000e+01,5.000000000000000000e+02,1.999999999999999556e-01
1.800000000000000000e+01,1.000000000000000000e+03,5.000000000000000000e+02,5.000000000000000000e+01,4.000000000000000222e-01,4.000000000000000222e-01,6.000000000000000000e+01,5.000000000000000000e+02,1.036269430051813822e-01
1.900000000000000000e+01,1.000000000000000000e+03,5.000000000000000000e+02,5.000000000000000000e+01,1.000000000000000056e-01,1.000000000000000056e-01,2.000000000000000000e+01,2.500000000000000000e+02,6.086956521739130821e-01
1.900000000000000000e+01,1.000000000000000000e+03,5.000000000000000000e+02,5.000000000000000000e+01,1.000000000000000056e-01,1.000000000000000056e-01,3.000000000000000000e+01,2.500000000000000000e+02,6.739130434782608647e-01
1.900000000000000000e+01,1.000000000000000000e+03,5.000000000000000000e+02,5.000000000000000000e+01,1.000000000000000056e-01,1.000000000000000056e-01,4.000000000000000000e+01,2.500000000000000000e+02,6.956521739130434590e-01
1.900000000000000000e+01,1.000000000000000000e+03,5.000000000000000000e+02,5.000000000000000000e+01,1.000000000000000056e-01,1.000000000000000056e-01,6.000000000000000000e+01,2.500000000000000000e+02,5.217391304347825942e-01
2.800000000000000000e+01,1.000000000000000000e+03,5.000000000000000000e+02,5.000000000000000000e+01,2.000000000000000111e-01,4.000000000000000222e-01,6.000000000000000000e+01,2.500000000000000000e+02,9.999999999999997780e-02
1.900000000000000000e+01,1.000000000000000000e+03,5.000000000000000000e+02,5.000000000000000000e+01,1.000000000000000056e-01,1.000000000000000056e-01,2.000000000000000000e+01,5.000000000000000000e+02,4.130434782608695121e-01
1.900000000000000000e+01,1.000000000000000000e+03,5.000000000000000000e+02,5.000000000000000000e+01,1.000000000000000056e-01,1.000000000000000056e-01,3.000000000000000000e+01,5.000000000000000000e+02,4.347826086956522174e-01
1.900000000000000000e+01,1.000000000000000000e+03,5.000000000000000000e+02,5.000000000000000000e+01,1.000000000000000056e-01,1.000000000000000056e-01,4.000000000000000000e+01,5.000000000000000000e+02,4.565217391304348116e-01
1.900000000000000000e+01,1.000000000000000000e+03,5.000000000000000000e+02,5.000000000000000000e+01,1.000000000000000056e-01,1.000000000000000056e-01,6.000000000000000000e+01,5.000000000000000000e+02,3.695652173913043237e-01
1.900000000000000000e+01,1.000000000000000000e+03,5.000000000000000000e+02,5.000000000000000000e+01,1.000000000000000056e-01,2.000000000000000111e-01,2.000000000000000000e+01,2.500000000000000000e+02,1.717171717171717127e-01
1.900000000000000000e+01,1.000000000000000000e+03,5.000000000000000000e+02,5.000000000000000000e+01,1.000000000000000056e-01,2.000000000000000111e-01,3.000000000000000000e+01,2.500000000000000000e+02,1.818181818181817677e-01
1.900000000000000000e+01,1.000000000000000000e+03,5.000000000000000000e+02,5.000000000000000000e+01,1.000000000000000056e-01,2.000000000000000111e-01,4.000000000000000000e+01,2.500000000000000000e+02,2.929292929292929282e-01
1.900000000000000000e+01,1.000000000000000000e+03,5.000000000000000000e+02,5.000000000000000000e+01,1.000000000000000056e-01,2.000000000000000111e-01,6.000000000000000000e+01,2.500000000000000000e+02,2.222222222222222099e-01
1.900000000000000000e+01,1.000000000000000000e+03,5.000000000000000000e+02,5.000000000000000000e+01,1.000000000000000056e-01,2.000000000000000111e-01,2.000000000000000000e+01,5.000000000000000000e+02,1.616161616161616577e-01
1.900000000000000000e+01,1.000000000000000000e+03,5.000000000000000000e+02,5.000000000000000000e+01,1.000000000000000056e-01,2.000000000000000111e-01,3.000000000000000000e+01,5.000000000000000000e+02,1.818181818181817677e-01
1.900000000000000000e+01,1.000000000000000000e+03,5.000000000000000000e+02,5.000000000000000000e+01,1.000000000000000056e-01,2.000000000000000111e-01,4.000000000000000000e+01,5.000000000000000000e+02,2.323232323232323759e-01
2.800000000000000000e+01,1.000000000000000000e+03,5.000000000000000000e+02,5.000000000000000000e+01,2.000000000000000111e-01,4.000000000000000222e-01,2.000000000000000000e+01,5.000000000000000000e+02,5.789473684210522109e-02
1.900000000000000000e+01,1.000000000000000000e+03,5.000000000000000000e+02,5.000000000000000000e+01,1.000000000000000056e-01,2.000000000000000111e-01,6.000000000000000000e+01,5.000000000000000000e+02,1.919191919191919338e-01
2.800000000000000000e+01,1.000000000000000000e+03,5.000000000000000000e+02,5.000000000000000000e+01,2.000000000000000111e-01,4.000000000000000222e-01,3.000000000000000000e+01,5.000000000000000000e+02,5.789473684210522109e-02
1.900000000000000000e+01,1.000000000000000000e+03,5.000000000000000000e+02,5.000000000000000000e+01,1.000000000000000056e-01,4.000000000000000222e-01,2.000000000000000000e+01,2.500000000000000000e+02,2.453987730061349959e-01
9.000000000000000000e+00,1.000000000000000000e+03,5.000000000000000000e+02,5.000000000000000000e+01,1.000000000000000056e-01,4.000000000000000222e-01,2.000000000000000000e+01,2.500000000000000000e+02,2.486486486486486625e-01
1.900000000000000000e+01,1.000000000000000000e+03,5.000000000000000000e+02,5.000000000000000000e+01,1.000000000000000056e-01,4.000000000000000222e-01,3.000000000000000000e+01,2.500000000000000000e+02,2.269938650306748684e-01
2.800000000000000000e+01,1.000000000000000000e+03,5.000000000000000000e+02,5.000000000000000000e+01,2.000000000000000111e-01,4.000000000000000222e-01,4.000000000000000000e+01,5.000000000000000000e+02,1.052631578947368363e-01
1.900000000000000000e+01,1.000000000000000000e+03,5.000000000000000000e+02,5.000000000000000000e+01,1.000000000000000056e-01,4.000000000000000222e-01,4.000000000000000000e+01,2.500000000000000000e+02,2.147239263803680798e-01
9.000000000000000000e+00,1.000000000000000000e+03,5.000000000000000000e+02,5.000000000000000000e+01,1.000000000000000056e-01,4.000000000000000222e-01,3.000000000000000000e+01,2.500000000000000000e+02,1.837837837837837940e-01
1.900000000000000000e+01,1.000000000000000000e+03,5.000000000000000000e+02,5.000000000000000000e+01,1.000000000000000056e-01,4.000000000000000222e-01,6.000000000000000000e+01,2.500000000000000000e+02,2.085889570552147410e-01
2.800000000000000000e+01,1.000000000000000000e+03,5.000000000000000000e+02,5.000000000000000000e+01,2.000000000000000111e-01,4.000000000000000222e-01,6.000000000000000000e+01,5.000000000000000000e+02,6.842105263157893802e-02
1.900000000000000000e+01,1.000000000000000000e+03,5.000000000000000000e+02,5.000000000000000000e+01,1.000000000000000056e-01,4.000000000000000222e-01,2.000000000000000000e+01,5.000000000000000000e+02,1.717791411042944860e-01
1.900000000000000000e+01,1.000000000000000000e+03,5.000000000000000000e+02,5.000000000000000000e+01,1.000000000000000056e-01,4.000000000000000222e-01,3.000000000000000000e+01,5.000000000000000000e+02,2.085889570552147410e-01
1.900000000000000000e+01,1.000000000000000000e+03,5.000000000000000000e+02,5.000000000000000000e+01,1.000000000000000056e-01,4.000000000000000222e-01,4.000000000000000000e+01,5.000000000000000000e+02,2.147239263803680798e-01
1.900000000000000000e+01,1.000000000000000000e+03,5.000000000000000000e+02,5.000000000000000000e+01,1.000000000000000056e-01,4.000000000000000222e-01,6.000000000000000000e+01,5.000000000000000000e+02,2.515337423312883347e-01
9.000000000000000000e+00,1.000000000000000000e+03,5.000000000000000000e+02,5.000000000000000000e+01,1.000000000000000056e-01,4.000000000000000222e-01,4.000000000000000000e+01,2.500000000000000000e+02,1.891891891891891442e-01
2.800000000000000000e+01,1.000000000000000000e+03,5.000000000000000000e+02,5.000000000000000000e+01,4.000000000000000222e-01,1.000000000000000056e-01,2.000000000000000000e+01,2.500000000000000000e+02,2.083333333333337034e-02
9.000000000000000000e+00,1.000000000000000000e+03,5.000000000000000000e+02,5.000000000000000000e+01,1.000000000000000056e-01,4.000000000000000222e-01,6.000000000000000000e+01,2.500000000000000000e+02,1.729729729729729826e-01
1.900000000000000000e+01,1.000000000000000000e+03,5.000000000000000000e+02,5.000000000000000000e+01,2.000000000000000111e-01,1.000000000000000056e-01,2.000000000000000000e+01,2.500000000000000000e+02,6.122448979591832430e-02
9.000000000000000000e+00,1.000000000000000000e+03,5.000000000000000000e+02,5.000000000000000000e+01,1.000000000000000056e-01,4.000000000000000222e-01,2.000000000000000000e+01,5.000000000000000000e+02,3.081081081081080697e-01
2.800000000000000000e+01,1.000000000000000000e+03,5.000000000000000000e+02,5.000000000000000000e+01,4.000000000000000222e-01,1.000000000000000056e-01,3.000000000000000000e+01,2.500000000000000000e+02,4.166666666666662966e-02
9.000000000000000000e+00,1.000000000000000000e+03,5.000000000000000000e+02,5.000000000000000000e+01,1.000000000000000056e-01,4.000000000000000222e-01,3.000000000000000000e+01,5.000000000000000000e+02,1.891891891891891442e-01
9.000000000000000000e+00,1.000000000000000000e+03,5.000000000000000000e+02,5.000000000000000000e+01,1.000000000000000056e-01,4.000000000000000222e-01,4.000000000000000000e+01,5.000000000000000000e+02,1.783783783783783328e-01
9.000000000000000000e+00,1.000000000000000000e+03,5.000000000000000000e+02,5.000000000000000000e+01,1.000000000000000056e-01,4.000000000000000222e-01,6.000000000000000000e+01,5.000000000000000000e+02,1.891891891891891442e-01
9.000000000000000000e+00,1.000000000000000000e+03,5.000000000000000000e+02,5.000000000000000000e+01,2.000000000000000111e-01,1.000000000000000056e-01,2.000000000000000000e+01,2.500000000000000000e+02,5.102040816326530726e-01
9.000000000000000000e+00,1.000000000000000000e+03,5.000000000000000000e+02,5.000000000000000000e+01,2.000000000000000111e-01,1.000000000000000056e-01,3.000000000000000000e+01,2.500000000000000000e+02,4.081632653061224580e-01
1.900000000000000000e+01,1.000000000000000000e+03,5.000000000000000000e+02,5.000000000000000000e+01,2.000000000000000111e-01,1.000000000000000056e-01,3.000000000000000000e+01,2.500000000000000000e+02,6.122448979591832430e-02
9.000000000000000000e+00,1.000000000000000000e+03,5.000000000000000000e+02,5.000000000000000000e+01,2.000000000000000111e-01,1.000000000000000056e-01,4.000000000000000000e+01,2.500000000000000000e+02,3.469387755102041337e-01
9.000000000000000000e+00,1.000000000000000000e+03,5.000000000000000000e+02,5.000000000000000000e+01,2.000000000000000111e-01,1.000000000000000056e-01,6.000000000000000000e+01,2.500000000000000000e+02,3.265306122448979886e-01
9.000000000000000000e+00,1.000000000000000000e+03,5.000000000000000000e+02,5.000000000000000000e+01,2.000000000000000111e-01,1.000000000000000056e-01,2.000000000000000000e+01,5.000000000000000000e+02,2.244897959183673741e-01
9.000000000000000000e+00,1.000000000000000000e+03,5.000000000000000000e+02,5.000000000000000000e+01,2.000000000000000111e-01,1.000000000000000056e-01,3.000000000000000000e+01,5.000000000000000000e+02,2.653061224489795533e-01
9.000000000000000000e+00,1.000000000000000000e+03,5.000000000000000000e+02,5.000000000000000000e+01,2.000000000000000111e-01,1.000000000000000056e-01,4.000000000000000000e+01,5.000000000000000000e+02,2.653061224489795533e-01
9.000000000000000000e+00,1.000000000000000000e+03,5.000000000000000000e+02,5.000000000000000000e+01,2.000000000000000111e-01,1.000000000000000056e-01,6.000000000000000000e+01,5.000000000000000000e+02,2.857142857142856984e-01
2.800000000000000000e+01,1.000000000000000000e+03,5.000000000000000000e+02,5.000000000000000000e+01,4.000000000000000222e-01,1.000000000000000056e-01,4.000000000000000000e+01,2.500000000000000000e+02,4.166666666666662966e-02
9.000000000000000000e+00,1.000000000000000000e+03,5.000000000000000000e+02,5.000000000000000000e+01,2.000000000000000111e-01,2.000000000000000111e-01,2.000000000000000000e+01,2.500000000000000000e+02,8.333333333333337034e-02
9.000000000000000000e+00,1.000000000000000000e+03,5.000000000000000000e+02,5.000000000000000000e+01,2.000000000000000111e-01,2.000000000000000111e-01,3.000000000000000000e+01,2.500000000000000000e+02,9.375000000000000000e-02
1.900000000000000000e+01,1.000000000000000000e+03,5.000000000000000000e+02,5.000000000000000000e+01,2.000000000000000111e-01,1.000000000000000056e-01,4.000000000000000000e+01,2.500000000000000000e+02,6.122448979591832430e-02
9.000000000000000000e+00,1.000000000000000000e+03,5.000000000000000000e+02,5.000000000000000000e+01,2.000000000000000111e-01,2.000000000000000111e-01,4.000000000000000000e+01,2.500000000000000000e+02,1.145833333333333703e-01
9.000000000000000000e+00,1.000000000000000000e+03,5.000000000000000000e+02,5.000000000000000000e+01,2.000000000000000111e-01,2.000000000000000111e-01,6.000000000000000000e+01,2.500000000000000000e+02,1.354166666666666297e-01
9.000000000000000000e+00,1.000000000000000000e+03,5.000000000000000000e+02,5.000000000000000000e+01,2.000000000000000111e-01,2.000000000000000111e-01,2.000000000000000000e+01,5.000000000000000000e+02,9.375000000000000000e-02
9.000000000000000000e+00,1.000000000000000000e+03,5.000000000000000000e+02,5.000000000000000000e+01,2.000000000000000111e-01,2.000000000000000111e-01,3.000000000000000000e+01,5.000000000000000000e+02,1.041666666666666297e-01
9.000000000000000000e+00,1.000000000000000000e+03,5.000000000000000000e+02,5.000000000000000000e+01,2.000000000000000111e-01,2.000000000000000111e-01,4.000000000000000000e+01,5.000000000000000000e+02,1.145833333333333703e-01
9.000000000000000000e+00,1.000000000000000000e+03,5.000000000000000000e+02,5.000000000000000000e+01,2.000000000000000111e-01,2.000000000000000111e-01,6.000000000000000000e+01,5.000000000000000000e+02,1.250000000000000000e-01
2.800000000000000000e+01,1.000000000000000000e+03,5.000000000000000000e+02,5.000000000000000000e+01,4.000000000000000222e-01,1.000000000000000056e-01,6.000000000000000000e+01,2.500000000000000000e+02,6.250000000000000000e-02
2.800000000000000000e+01,1.000000000000000000e+03,5.000000000000000000e+02,5.000000000000000000e+01,4.000000000000000222e-01,1.000000000000000056e-01,2.000000000000000000e+01,5.000000000000000000e+02,4.166666666666662966e-02
1.900000000000000000e+01,1.000000000000000000e+03,5.000000000000000000e+02,5.000000000000000000e+01,2.000000000000000111e-01,1.000000000000000056e-01,6.000000000000000000e+01,2.500000000000000000e+02,6.122448979591832430e-02
2.800000000000000000e+01,1.000000000000000000e+03,5.000000000000000000e+02,5.000000000000000000e+01,4.000000000000000222e-01,1.000000000000000056e-01,3.000000000000000000e+01,5.000000000000000000e+02,6.250000000000000000e-02
2.800000000000000000e+01,1.000000000000000000e+03,5.000000000000000000e+02,5.000000000000000000e+01,4.000000000000000222e-01,1.000000000000000056e-01,4.000000000000000000e+01,5.000000000000000000e+02,6.250000000000000000e-02
1.900000000000000000e+01,1.000000000000000000e+03,5.000000000000000000e+02,5.000000000000000000e+01,2.000000000000000111e-01,1.000000000000000056e-01,2.000000000000000000e+01,5.000000000000000000e+02,6.122448979591832430e-02
9.000000000000000000e+00,1.000000000000000000e+03,5.000000000000000000e+02,5.000000000000000000e+01,2.000000000000000111e-01,4.000000000000000222e-01,2.000000000000000000e+01,2.500000000000000000e+02,1.063829787234042978e-01
1.900000000000000000e+01,1.000000000000000000e+03,5.000000000000000000e+02,5.000000000000000000e+01,2.000000000000000111e-01,1.000000000000000056e-01,3.000000000000000000e+01,5.000000000000000000e+02,6.122448979591832430e-02
2.800000000000000000e+01,1.000000000000000000e+03,5.000000000000000000e+02,5.000000000000000000e+01,4.000000000000000222e-01,1.000000000000000056e-01,6.000000000000000000e+01,5.000000000000000000e+02,1.041666666666666297e-01
1.900000000000000000e+01,1.000000000000000000e+03,5.000000000000000000e+02,5.000000000000000000e+01,2.000000000000000111e-01,1.000000000000000056e-01,4.000000000000000000e+01,5.000000000000000000e+02,8.163265306122446940e-02
9.000000000000000000e+00,1.000000000000000000e+03,5.000000000000000000e+02,5.000000000000000000e+01,2.000000000000000111e-01,4.000000000000000222e-01,3.000000000000000000e+01,2.500000000000000000e+02,1.170212765957446832e-01
1.900000000000000000e+01,1.000000000000000000e+03,5.000000000000000000e+02,5.000000000000000000e+01,2.000000000000000111e-01,1.000000000000000056e-01,6.000000000000000000e+01,5.000000000000000000e+02,8.163265306122446940e-02
1.900000000000000000e+01,1.000000000000000000e+03,5.000000000000000000e+02,5.000000000000000000e+01,2.000000000000000111e-01,2.000000000000000111e-01,2.000000000000000000e+01,2.500000000000000000e+02,1.157894736842105532e-01
1.900000000000000000e+01,1.000000000000000000e+03,5.000000000000000000e+02,5.000000000000000000e+01,2.000000000000000111e-01,2.000000000000000111e-01,3.000000000000000000e+01,2.500000000000000000e+02,1.157894736842105532e-01
1.900000000000000000e+01,1.000000000000000000e+03,5.000000000000000000e+02,5.000000000000000000e+01,2.000000000000000111e-01,2.000000000000000111e-01,4.000000000000000000e+01,2.500000000000000000e+02,1.157894736842105532e-01
1.900000000000000000e+01,1.000000000000000000e+03,5.000000000000000000e+02,5.000000000000000000e+01,2.000000000000000111e-01,2.000000000000000111e-01,6.000000000000000000e+01,2.500000000000000000e+02,1.263157894736841591e-01
1.900000000000000000e+01,1.000000000000000000e+03,5.000000000000000000e+02,5.000000000000000000e+01,2.000000000000000111e-01,2.000000000000000111e-01,2.000000000000000000e+01,5.000000000000000000e+02,8.421052631578951342e-02
9.000000000000000000e+00,1.000000000000000000e+03,5.000000000000000000e+02,5.000000000000000000e+01,2.000000000000000111e-01,4.000000000000000222e-01,4.000000000000000000e+01,2.500000000000000000e+02,1.063829787234042978e-01
1.900000000000000000e+01,1.000000000000000000e+03,5.000000000000000000e+02,5.000000000000000000e+01,2.000000000000000111e-01,2.000000000000000111e-01,3.000000000000000000e+01,5.000000000000000000e+02,9.473684210526311933e-02
1.900000000000000000e+01,1.000000000000000000e+03,5.000000000000000000e+02,5.000000000000000000e+01,2.000000000000000111e-01,2.000000000000000111e-01,4.000000000000000000e+01,5.000000000000000000e+02,1.052631578947368363e-01
1.900000000000000000e+01,1.000000000000000000e+03,5.000000000000000000e+02,5.000000000000000000e+01,2.000000000000000111e-01,2.000000000000000111e-01,6.000000000000000000e+01,5.000000000000000000e+02,9.473684210526311933e-02
1.900000000000000000e+01,1.000000000000000000e+03,5.000000000000000000e+02,5.000000000000000000e+01,2.000000000000000111e-01,4.000000000000000222e-01,2.000000000000000000e+01,2.500000000000000000e+02,4.232804232804232569e-02
1.900000000000000000e+01,1.000000000000000000e+03,5.000000000000000000e+02,5.000000000000000000e+01,2.000000000000000111e-01,4.000000000000000222e-01,3.000000000000000000e+01,2.500000000000000000e+02,4.232804232804232569e-02
1.900000000000000000e+01,1.000000000000000000e+03,5.000000000000000000e+02,5.000000000000000000e+01,2.000000000000000111e-01,4.000000000000000222e-01,4.000000000000000000e+01,2.500000000000000000e+02,4.232804232804232569e-02
2.800000000000000000e+01,1.000000000000000000e+03,5.000000000000000000e+02,5.000000000000000000e+01,4.000000000000000222e-01,2.000000000000000111e-01,2.000000000000000000e+01,2.500000000000000000e+02,3.000000000000002665e-02
1.900000000000000000e+01,1.000000000000000000e+03,5.000000000000000000e+02,5.000000000000000000e+01,2.000000000000000111e-01,4.000000000000000222e-01,6.000000000000000000e+01,2.500000000000000000e+02,4.761904761904767192e-02
1.900000000000000000e+01,1.000000000000000000e+03,5.000000000000000000e+02,5.000000000000000000e+01,2.000000000000000111e-01,4.000000000000000222e-01,2.000000000000000000e+01,5.000000000000000000e+02,4.761904761904767192e-02
1.900000000000000000e+01,1.000000000000000000e+03,5.000000000000000000e+02,5.000000000000000000e+01,2.000000000000000111e-01,4.000000000000000222e-01,3.000000000000000000e+01,5.000000000000000000e+02,5.291005291005290712e-02
1.900000000000000000e+01,1.000000000000000000e+03,5.000000000000000000e+02,5.000000000000000000e+01,2.000000000000000111e-01,4.000000000000000222e-01,4.000000000000000000e+01,5.000000000000000000e+02,4.761904761904767192e-02
1.900000000000000000e+01,1.000000000000000000e+03,5.000000000000000000e+02,5.000000000000000000e+01,2.000000000000000111e-01,4.000000000000000222e-01,6.000000000000000000e+01,5.000000000000000000e+02,4.761904761904767192e-02
1.900000000000000000e+01,1.000000000000000000e+03,5.000000000000000000e+02,5.000000000000000000e+01,4.000000000000000222e-01,1.000000000000000056e-01,2.000000000000000000e+01,2.500000000000000000e+02,6.000000000000005329e-02
1.900000000000000000e+01,1.000000000000000000e+03,5.000000000000000000e+02,5.000000000000000000e+01,4.000000000000000222e-01,1.000000000000000056e-01,3.000000000000000000e+01,2.500000000000000000e+02,6.000000000000005329e-02
1.900000000000000000e+01,1.000000000000000000e+03,5.000000000000000000e+02,5.000000000000000000e+01,4.000000000000000222e-01,1.000000000000000056e-01,4.000000000000000000e+01,2.500000000000000000e+02,6.000000000000005329e-02
9.000000000000000000e+00,1.000000000000000000e+03,5.000000000000000000e+02,5.000000000000000000e+01,2.000000000000000111e-01,4.000000000000000222e-01,6.000000000000000000e+01,2.500000000000000000e+02,1.063829787234042978e-01
2.800000000000000000e+01,1.000000000000000000e+03,5.000000000000000000e+02,5.000000000000000000e+01,4.000000000000000222e-01,2.000000000000000111e-01,3.000000000000000000e+01,2.500000000000000000e+02,3.000000000000002665e-02
1.900000000000000000e+01,1.000000000000000000e+03,5.000000000000000000e+02,5.000000000000000000e+01,4.000000000000000222e-01,1.000000000000000056e-01,6.000000000000000000e+01,2.500000000000000000e+02,7.999999999999996003e-02
1.900000000000000000e+01,1.000000000000000000e+03,5.000000000000000000e+02,5.000000000000000000e+01,4.000000000000000222e-01,1.000000000000000056e-01,2.000000000000000000e+01,5.000000000000000000e+02,4.000000000000003553e-02
1.900000000000000000e+01,1.000000000000000000e+03,5.000000000000000000e+02,5.000000000000000000e+01,4.000000000000000222e-01,1.000000000000000056e-01,3.000000000000000000e+01,5.000000000000000000e+02,4.000000000000003553e-02
9.000000000000000000e+00,1.000000000000000000e+03,5.000000000000000000e+02,5.000000000000000000e+01,2.000000000000000111e-01,4.000000000000000222e-01,2.000000000000000000e+01,5.000000000000000000e+02,1.702127659574468321e-01
1.900000000000000000e+01,1.000000000000000000e+03,5.000000000000000000e+02,5.000000000000000000e+01,4.000000000000000222e-01,1.000000000000000056e-01,4.000000000000000000e+01,5.000000000000000000e+02,4.000000000000003553e-02
1.900000000000000000e+01,1.000000000000000000e+03,5.000000000000000000e+02,5.000000000000000000e+01,4.000000000000000222e-01,1.000000000000000056e-01,6.000000000000000000e+01,5.000000000000000000e+02,4.000000000000003553e-02
9.000000000000000000e+00,1.000000000000000000e+03,5.000000000000000000e+02,5.000000000000000000e+01,2.000000000000000111e-01,4.000000000000000222e-01,3.000000000000000000e+01,5.000000000000000000e+02,7.978723404255316787e-02
9.000000000000000000e+00,1.000000000000000000e+03,5.000000000000000000e+02,5.000000000000000000e+01,2.000000000000000111e-01,4.000000000000000222e-01,4.000000000000000000e+01,5.000000000000000000e+02,1.010638297872340496e-01
2.800000000000000000e+01,1.000000000000000000e+03,5.000000000000000000e+02,5.000000000000000000e+01,4.000000000000000222e-01,2.000000000000000111e-01,4.000000000000000000e+01,2.500000000000000000e+02,4.000000000000003553e-02
9.000000000000000000e+00,1.000000000000000000e+03,5.000000000000000000e+02,5.000000000000000000e+01,2.000000000000000111e-01,4.000000000000000222e-01,6.000000000000000000e+01,5.000000000000000000e+02,9.574468085106380144e-02
9.000000000000000000e+00,1.000000000000000000e+03,5.000000000000000000e+02,5.000000000000000000e+01,4.000000000000000222e-01,1.000000000000000056e-01,2.000000000000000000e+01,2.500000000000000000e+02,8.163265306122446940e-02
9.000000000000000000e+00,1.000000000000000000e+03,5.000000000000000000e+02,5.000000000000000000e+01,4.000000000000000222e-01,1.000000000000000056e-01,3.000000000000000000e+01,2.500000000000000000e+02,1.020408163265306145e-01
9.000000000000000000e+00,1.000000000000000000e+03,5.000000000000000000e+02,5.000000000000000000e+01,4.000000000000000222e-01,1.000000000000000056e-01,4.000000000000000000e+01,2.500000000000000000e+02,1.224489795918367596e-01
1.900000000000000000e+01,1.000000000000000000e+03,5.000000000000000000e+02,5.000000000000000000e+01,4.000000000000000222e-01,2.000000000000000111e-01,2.000000000000000000e+01,2.500000000000000000e+02,3.092783505154639290e-02
9.000000000000000000e+00,1.000000000000000000e+03,5.000000000000000000e+02,5.000000000000000000e+01,4.000000000000000222e-01,1.000000000000000056e-01,6.000000000000000000e+01,2.500000000000000000e+02,1.224489795918367596e-01
9.000000000000000000e+00,1.000000000000000000e+03,5.000000000000000000e+02,5.000000000000000000e+01,4.000000000000000222e-01,1.000000000000000056e-01,2.000000000000000000e+01,5.000000000000000000e+02,1.224489795918367596e-01
9.000000000000000000e+00,1.000000000000000000e+03,5.000000000000000000e+02,5.000000000000000000e+01,4.000000000000000222e-01,1.000000000000000056e-01,3.000000000000000000e+01,5.000000000000000000e+02,1.224489795918367596e-01
9.000000000000000000e+00,1.000000000000000000e+03,5.000000000000000000e+02,5.000000000000000000e+01,4.000000000000000222e-01,1.000000000000000056e-01,4.000000000000000000e+01,5.000000000000000000e+02,1.224489795918367596e-01
9.000000000000000000e+00,1.000000000000000000e+03,5.000000000000000000e+02,5.000000000000000000e+01,4.000000000000000222e-01,1.000000000000000056e-01,6.000000000000000000e+01,5.000000000000000000e+02,1.224489795918367596e-01
1.900000000000000000e+01,1.000000000000000000e+03,5.000000000000000000e+02,5.000000000000000000e+01,4.000000000000000222e-01,2.000000000000000111e-01,3.000000000000000000e+01,2.500000000000000000e+02,3.092783505154639290e-02
1.900000000000000000e+01,1.000000000000000000e+03,5.000000000000000000e+02,5.000000000000000000e+01,4.000000000000000222e-01,2.000000000000000111e-01,4.000000000000000000e+01,2.500000000000000000e+02,3.092783505154639290e-02
2.800000000000000000e+01,1.000000000000000000e+03,5.000000000000000000e+02,5.000000000000000000e+01,4.000000000000000222e-01,2.000000000000000111e-01,6.000000000000000000e+01,2.500000000000000000e+02,4.000000000000003553e-02
9.000000000000000000e+00,1.000000000000000000e+03,5.000000000000000000e+02,5.000000000000000000e+01,4.000000000000000222e-01,2.000000000000000111e-01,2.000000000000000000e+01,2.500000000000000000e+02,9.183673469387754196e-02
2.800000000000000000e+01,1.000000000000000000e+03,5.000000000000000000e+02,5.000000000000000000e+01,4.000000000000000222e-01,2.000000000000000111e-01,2.000000000000000000e+01,5.000000000000000000e+02,3.000000000000002665e-02
2.800000000000000000e+01,1.000000000000000000e+03,5.000000000000000000e+02,5.000000000000000000e+01,4.000000000000000222e-01,2.000000000000000111e-01,3.000000000000000000e+01,5.000000000000000000e+02,3.000000000000002665e-02
1.900000000000000000e+01,1.000000000000000000e+03,5.000000000000000000e+02,5.000000000000000000e+01,4.000000000000000222e-01,2.000000000000000111e-01,6.000000000000000000e+01,2.500000000000000000e+02,4.123711340206182019e-02
9.000000000000000000e+00,1.000000000000000000e+03,5.000000000000000000e+02,5.000000000000000000e+01,4.000000000000000222e-01,2.000000000000000111e-01,3.000000000000000000e+01,2.500000000000000000e+02,9.183673469387754196e-02
2.800000000000000000e+01,1.000000000000000000e+03,5.000000000000000000e+02,5.000000000000000000e+01,4.000000000000000222e-01,2.000000000000000111e-01,4.000000000000000000e+01,5.000000000000000000e+02,3.000000000000002665e-02
1.900000000000000000e+01,1.000000000000000000e+03,5.000000000000000000e+02,5.000000000000000000e+01,4.000000000000000222e-01,2.000000000000000111e-01,2.000000000000000000e+01,5.000000000000000000e+02,4.123711340206182019e-02
1.900000000000000000e+01,1.000000000000000000e+03,5.000000000000000000e+02,5.000000000000000000e+01,4.000000000000000222e-01,2.000000000000000111e-01,3.000000000000000000e+01,5.000000000000000000e+02,5.154639175257735850e-02
1.900000000000000000e+01,1.000000000000000000e+03,5.000000000000000000e+02,5.000000000000000000e+01,4.000000000000000222e-01,2.000000000000000111e-01,4.000000000000000000e+01,5.000000000000000000e+02,5.154639175257735850e-02
1.900000000000000000e+01,1.000000000000000000e+03,5.000000000000000000e+02,5.000000000000000000e+01,4.000000000000000222e-01,2.000000000000000111e-01,6.000000000000000000e+01,5.000000000000000000e+02,5.154639175257735850e-02
9.000000000000000000e+00,1.000000000000000000e+03,5.000000000000000000e+02,5.000000000000000000e+01,4.000000000000000222e-01,2.000000000000000111e-01,4.000000000000000000e+01,2.500000000000000000e+02,9.183673469387754196e-02
2.800000000000000000e+01,1.000000000000000000e+03,5.000000000000000000e+02,5.000000000000000000e+01,4.000000000000000222e-01,2.000000000000000111e-01,6.000000000000000000e+01,5.000000000000000000e+02,3.000000000000002665e-02
9.000000000000000000e+00,1.000000000000000000e+03,5.000000000000000000e+02,5.000000000000000000e+01,4.000000000000000222e-01,2.000000000000000111e-01,6.000000000000000000e+01,2.500000000000000000e+02,1.020408163265306145e-01
1.900000000000000000e+01,1.000000000000000000e+03,5.000000000000000000e+02,5.000000000000000000e+01,4.000000000000000222e-01,4.000000000000000222e-01,2.000000000000000000e+01,2.500000000000000000e+02,1.055555555555555136e-01
9.000000000000000000e+00,1.000000000000000000e+03,5.000000000000000000e+02,5.000000000000000000e+01,4.000000000000000222e-01,2.000000000000000111e-01,2.000000000000000000e+01,5.000000000000000000e+02,9.183673469387754196e-02
2.800000000000000000e+01,1.000000000000000000e+03,5.000000000000000000e+02,5.000000000000000000e+01,4.000000000000000222e-01,4.000000000000000222e-01,2.000000000000000000e+01,2.500000000000000000e+02,1.058201058201058142e-01
9.000000000000000000e+00,1.000000000000000000e+03,5.000000000000000000e+02,5.000000000000000000e+01,4.000000000000000222e-01,2.000000000000000111e-01,3.000000000000000000e+01,5.000000000000000000e+02,9.183673469387754196e-02
9.000000000000000000e+00,1.000000000000000000e+03,5.000000000000000000e+02,5.000000000000000000e+01,4.000000000000000222e-01,2.000000000000000111e-01,4.000000000000000000e+01,5.000000000000000000e+02,1.020408163265306145e-01
9.000000000000000000e+00,1.000000000000000000e+03,5.000000000000000000e+02,5.000000000000000000e+01,4.000000000000000222e-01,2.000000000000000111e-01,6.000000000000000000e+01,5.000000000000000000e+02,1.122448979591836871e-01
1.900000000000000000e+01,1.000000000000000000e+03,5.000000000000000000e+02,5.000000000000000000e+01,4.000000000000000222e-01,4.000000000000000222e-01,3.000000000000000000e+01,2.500000000000000000e+02,1.277777777777777679e-01
2.800000000000000000e+01,1.000000000000000000e+03,5.000000000000000000e+02,5.000000000000000000e+01,4.000000000000000222e-01,4.000000000000000222e-01,3.000000000000000000e+01,2.500000000000000000e+02,1.269841269841269771e-01
1.900000000000000000e+01,1.000000000000000000e+03,5.000000000000000000e+02,5.000000000000000000e+01,4.000000000000000222e-01,4.000000000000000222e-01,4.000000000000000000e+01,2.500000000000000000e+02,1.277777777777777679e-01
2.800000000000000000e+01,1.000000000000000000e+03,5.000000000000000000e+02,5.000000000000000000e+01,4.000000000000000222e-01,4.000000000000000222e-01,4.000000000000000000e+01,2.500000000000000000e+02,1.375661375661375585e-01
9.000000000000000000e+00,1.000000000000000000e+03,5.000000000000000000e+02,5.000000000000000000e+01,4.000000000000000222e-01,4.000000000000000222e-01,2.000000000000000000e+01,2.500000000000000000e+02,6.217616580310880714e-02
1.900000000000000000e+01,1.000000000000000000e+03,5.000000000000000000e+02,5.000000000000000000e+01,4.000000000000000222e-01,4.000000000000000222e-01,6.000000000000000000e+01,2.500000000000000000e+02,1.500000000000000222e-01
2.800000000000000000e+01,1.000000000000000000e+03,5.000000000000000000e+02,5.000000000000000000e+01,4.000000000000000222e-01,4.000000000000000222e-01,6.000000000000000000e+01,2.500000000000000000e+02,1.428571428571429047e-01
9.000000000000000000e+00,1.000000000000000000e+03,5.000000000000000000e+02,5.000000000000000000e+01,4.000000000000000222e-01,4.000000000000000222e-01,3.000000000000000000e+01,2.500000000000000000e+02,5.699481865284972137e-02
2.800000000000000000e+01,1.000000000000000000e+03,5.000000000000000000e+02,5.000000000000000000e+01,4.000000000000000222e-01,4.000000000000000222e-01,2.000000000000000000e+01,5.000000000000000000e+02,7.407407407407406996e-02
1.900000000000000000e+01,1.000000000000000000e+03,5.000000000000000000e+02,5.000000000000000000e+01,4.000000000000000222e-01,4.000000000000000222e-01,2.000000000000000000e+01,5.000000000000000000e+02,1.388888888888888395e-01
2.800000000000000000e+01,1.000000000000000000e+03,5.000000000000000000e+02,5.000000000000000000e+01,4.000000000000000222e-01,4.000000000000000222e-01,3.000000000000000000e+01,5.000000000000000000e+02,1.164021164021163957e-01
1.900000000000000000e+01,1.000000000000000000e+03,5.000000000000000000e+02,5.000000000000000000e+01,4.000000000000000222e-01,4.000000000000000222e-01,3.000000000000000000e+01,5.000000000000000000e+02,1.444444444444444864e-01
2.800000000000000000e+01,1.000000000000000000e+03,5.000000000000000000e+02,5.000000000000000000e+01,4.000000000000000222e-01,4.000000000000000222e-01,4.000000000000000000e+01,5.000000000000000000e+02,1.216931216931217419e-01
1.900000000000000000e+01,1.000000000000000000e+03,5.000000000000000000e+02,5.000000000000000000e+01,4.000000000000000222e-01,4.000000000000000222e-01,4.000000000000000000e+01,5.000000000000000000e+02,1.444444444444444864e-01
2.800000000000000000e+01,1.000000000000000000e+03,5.000000000000000000e+02,5.000000000000000000e+01,4.000000000000000222e-01,4.000000000000000222e-01,6.000000000000000000e+01,5.000000000000000000e+02,1.322751322751323233e-01
2.900000000000000000e+01,1.000000000000000000e+03,5.000000000000000000e+02,5.000000000000000000e+01,1.000000000000000056e-01,1.000000000000000056e-01,2.000000000000000000e+01,2.500000000000000000e+02,5.106382978723404964e-01
2.900000000000000000e+01,1.000000000000000000e+03,5.000000000000000000e+02,5.000000000000000000e+01,1.000000000000000056e-01,1.000000000000000056e-01,3.000000000000000000e+01,2.500000000000000000e+02,3.617021276595744350e-01
2.900000000000000000e+01,1.000000000000000000e+03,5.000000000000000000e+02,5.000000000000000000e+01,1.000000000000000056e-01,1.000000000000000056e-01,4.000000000000000000e+01,2.500000000000000000e+02,4.680851063829787329e-01
2.900000000000000000e+01,1.000000000000000000e+03,5.000000000000000000e+02,5.000000000000000000e+01,1.000000000000000056e-01,1.000000000000000056e-01,6.000000000000000000e+01,2.500000000000000000e+02,6.808510638297872175e-01
9.000000000000000000e+00,1.000000000000000000e+03,5.000000000000000000e+02,5.000000000000000000e+01,4.000000000000000222e-01,4.000000000000000222e-01,4.000000000000000000e+01,2.500000000000000000e+02,7.772020725388606444e-02
2.900000000000000000e+01,1.000000000000000000e+03,5.000000000000000000e+02,5.000000000000000000e+01,1.000000000000000056e-01,1.000000000000000056e-01,2.000000000000000000e+01,5.000000000000000000e+02,2.127659574468084847e-01
2.900000000000000000e+01,1.000000000000000000e+03,5.000000000000000000e+02,5.000000000000000000e+01,1.000000000000000056e-01,1.000000000000000056e-01,3.000000000000000000e+01,5.000000000000000000e+02,2.340425531914893664e-01
2.900000000000000000e+01,1.000000000000000000e+03,5.000000000000000000e+02,5.000000000000000000e+01,1.000000000000000056e-01,1.000000000000000056e-01,4.000000000000000000e+01,5.000000000000000000e+02,2.340425531914893664e-01
2.900000000000000000e+01,1.000000000000000000e+03,5.000000000000000000e+02,5.000000000000000000e+01,1.000000000000000056e-01,1.000000000000000056e-01,6.000000000000000000e+01,5.000000000000000000e+02,3.404255319148936643e-01
2.900000000000000000e+01,1.000000000000000000e+03,5.000000000000000000e+02,5.000000000000000000e+01,1.000000000000000056e-01,2.000000000000000111e-01,2.000000000000000000e+01,2.500000000000000000e+02,7.204301075268817467e-01
2.900000000000000000e+01,1.000000000000000000e+03,5.000000000000000000e+02,5.000000000000000000e+01,1.000000000000000056e-01,2.000000000000000111e-01,3.000000000000000000e+01,2.500000000000000000e+02,7.311827956989247479e-01
1.900000000000000000e+01,1.000000000000000000e+03,5.000000000000000000e+02,5.000000000000000000e+01,4.000000000000000222e-01,4.000000000000000222e-01,6.000000000000000000e+01,5.000000000000000000e+02,1.777777777777778123e-01
2.900000000000000000e+01,1.000000000000000000e+03,5.000000000000000000e+02,5.000000000000000000e+01,1.000000000000000056e-01,2.000000000000000111e-01,4.000000000000000000e+01,2.500000000000000000e+02,7.204301075268817467e-01
2.900000000000000000e+01,1.000000000000000000e+03,5.000000000000000000e+02,5.000000000000000000e+01,1.000000000000000056e-01,2.000000000000000111e-01,6.000000000000000000e+01,2.500000000000000000e+02,6.774193548387097419e-01
1.000000000000000000e+01,1.000000000000000000e+03,5.000000000000000000e+02,5.000000000000000000e+01,0.000000000000000000e+00,0.000000000000000000e+00,2.000000000000000000e+01,2.500000000000000000e+02,nan
2.900000000000000000e+01,1.000000000000000000e+03,5.000000000000000000e+02,5.000000000000000000e+01,1.000000000000000056e-01,2.000000000000000111e-01,2.000000000000000000e+01,5.000000000000000000e+02,2.580645161290322509e-01
1.000000000000000000e+01,1.000000000000000000e+03,5.000000000000000000e+02,5.000000000000000000e+01,0.000000000000000000e+00,0.000000000000000000e+00,3.000000000000000000e+01,2.500000000000000000e+02,nan
2.900000000000000000e+01,1.000000000000000000e+03,5.000000000000000000e+02,5.000000000000000000e+01,1.000000000000000056e-01,2.000000000000000111e-01,3.000000000000000000e+01,5.000000000000000000e+02,2.795698924731182533e-01
1.000000000000000000e+01,1.000000000000000000e+03,5.000000000000000000e+02,5.000000000000000000e+01,0.000000000000000000e+00,0.000000000000000000e+00,4.000000000000000000e+01,2.500000000000000000e+02,nan
2.900000000000000000e+01,1.000000000000000000e+03,5.000000000000000000e+02,5.000000000000000000e+01,1.000000000000000056e-01,2.000000000000000111e-01,4.000000000000000000e+01,5.000000000000000000e+02,5.053763440860215006e-01
2.900000000000000000e+01,1.000000000000000000e+03,5.000000000000000000e+02,5.000000000000000000e+01,1.000000000000000056e-01,2.000000000000000111e-01,6.000000000000000000e+01,5.000000000000000000e+02,3.333333333333333703e-01
1.000000000000000000e+01,1.000000000000000000e+03,5.000000000000000000e+02,5.000000000000000000e+01,0.000000000000000000e+00,0.000000000000000000e+00,6.000000000000000000e+01,2.500000000000000000e+02,nan
1.000000000000000000e+01,1.000000000000000000e+03,5.000000000000000000e+02,5.000000000000000000e+01,0.000000000000000000e+00,0.000000000000000000e+00,2.000000000000000000e+01,5.000000000000000000e+02,nan
2.900000000000000000e+01,1.000000000000000000e+03,5.000000000000000000e+02,5.000000000000000000e+01,1.000000000000000056e-01,4.000000000000000222e-01,2.000000000000000000e+01,2.500000000000000000e+02,2.485875706214689673e-01
1.000000000000000000e+01,1.000000000000000000e+03,5.000000000000000000e+02,5.000000000000000000e+01,0.000000000000000000e+00,0.000000000000000000e+00,3.000000000000000000e+01,5.000000000000000000e+02,nan
2.900000000000000000e+01,1.000000000000000000e+03,5.000000000000000000e+02,5.000000000000000000e+01,1.000000000000000056e-01,4.000000000000000222e-01,3.000000000000000000e+01,2.500000000000000000e+02,2.711864406779661563e-01
1.000000000000000000e+01,1.000000000000000000e+03,5.000000000000000000e+02,5.000000000000000000e+01,0.000000000000000000e+00,0.000000000000000000e+00,4.000000000000000000e+01,5.000000000000000000e+02,nan
2.900000000000000000e+01,1.000000000000000000e+03,5.000000000000000000e+02,5.000000000000000000e+01,1.000000000000000056e-01,4.000000000000000222e-01,4.000000000000000000e+01,2.500000000000000000e+02,2.768361581920903980e-01
1.000000000000000000e+01,1.000000000000000000e+03,5.000000000000000000e+02,5.000000000000000000e+01,0.000000000000000000e+00,0.000000000000000000e+00,6.000000000000000000e+01,5.000000000000000000e+02,nan
1.100000000000000000e+01,1.000000000000000000e+03,5.000000000000000000e+02,5.000000000000000000e+01,0.000000000000000000e+00,0.000000000000000000e+00,2.000000000000000000e+01,2.500000000000000000e+02,nan
2.900000000000000000e+01,1.000000000000000000e+03,5.000000000000000000e+02,5.000000000000000000e+01,1.000000000000000056e-01,4.000000000000000222e-01,6.000000000000000000e+01,2.500000000000000000e+02,2.824858757062146397e-01
1.100000000000000000e+01,1.000000000000000000e+03,5.000000000000000000e+02,5.000000000000000000e+01,0.000000000000000000e+00,0.000000000000000000e+00,3.000000000000000000e+01,2.500000000000000000e+02,nan
1.100000000000000000e+01,1.000000000000000000e+03,5.000000000000000000e+02,5.000000000000000000e+01,0.000000000000000000e+00,0.000000000000000000e+00,4.000000000000000000e+01,2.500000000000000000e+02,nan
1.100000000000000000e+01,1.000000000000000000e+03,5.000000000000000000e+02,5.000000000000000000e+01,0.000000000000000000e+00,0.000000000000000000e+00,6.000000000000000000e+01,2.500000000000000000e+02,nan
2.900000000000000000e+01,1.000000000000000000e+03,5.000000000000000000e+02,5.000000000000000000e+01,1.000000000000000056e-01,4.000000000000000222e-01,2.000000000000000000e+01,5.000000000000000000e+02,3.446327683615819648e-01
2.900000000000000000e+01,1.000000000000000000e+03,5.000000000000000000e+02,5.000000000000000000e+01,1.000000000000000056e-01,4.000000000000000222e-01,3.000000000000000000e+01,5.000000000000000000e+02,3.333333333333333703e-01
2.900000000000000000e+01,1.000000000000000000e+03,5.000000000000000000e+02,5.000000000000000000e+01,1.000000000000000056e-01,4.000000000000000222e-01,4.000000000000000000e+01,5.000000000000000000e+02,3.502824858757062065e-01
1.100000000000000000e+01,1.000000000000000000e+03,5.000000000000000000e+02,5.000000000000000000e+01,0.000000000000000000e+00,0.000000000000000000e+00,2.000000000000000000e+01,5.000000000000000000e+02,nan
1.100000000000000000e+01,1.000000000000000000e+03,5.000000000000000000e+02,5.000000000000000000e+01,0.000000000000000000e+00,0.000000000000000000e+00,3.000000000000000000e+01,5.000000000000000000e+02,nan
2.900000000000000000e+01,1.000000000000000000e+03,5.000000000000000000e+02,5.000000000000000000e+01,1.000000000000000056e-01,4.000000000000000222e-01,6.000000000000000000e+01,5.000000000000000000e+02,3.220338983050847759e-01
1.100000000000000000e+01,1.000000000000000000e+03,5.000000000000000000e+02,5.000000000000000000e+01,0.000000000000000000e+00,0.000000000000000000e+00,4.000000000000000000e+01,5.000000000000000000e+02,nan
1.100000000000000000e+01,1.000000000000000000e+03,5.000000000000000000e+02,5.000000000000000000e+01,0.000000000000000000e+00,0.000000000000000000e+00,6.000000000000000000e+01,5.000000000000000000e+02,nan
2.900000000000000000e+01,1.000000000000000000e+03,5.000000000000000000e+02,5.000000000000000000e+01,2.000000000000000111e-01,1.000000000000000056e-01,2.000000000000000000e+01,2.500000000000000000e+02,8.163265306122446940e-02
2.900000000000000000e+01,1.000000000000000000e+03,5.000000000000000000e+02,5.000000000000000000e+01,2.000000000000000111e-01,1.000000000000000056e-01,3.000000000000000000e+01,2.500000000000000000e+02,8.163265306122446940e-02
2.900000000000000000e+01,1.000000000000000000e+03,5.000000000000000000e+02,5.000000000000000000e+01,2.000000000000000111e-01,1.000000000000000056e-01,4.000000000000000000e+01,2.500000000000000000e+02,8.163265306122446940e-02
1.200000000000000000e+01,1.000000000000000000e+03,5.000000000000000000e+02,5.000000000000000000e+01,0.000000000000000000e+00,0.000000000000000000e+00,2.000000000000000000e+01,2.500000000000000000e+02,nan
2.900000000000000000e+01,1.000000000000000000e+03,5.000000000000000000e+02,5.000000000000000000e+01,2.000000000000000111e-01,1.000000000000000056e-01,6.000000000000000000e+01,2.500000000000000000e+02,8.163265306122446940e-02
1.200000000000000000e+01,1.000000000000000000e+03,5.000000000000000000e+02,5.000000000000000000e+01,0.000000000000000000e+00,0.000000000000000000e+00,3.000000000000000000e+01,2.500000000000000000e+02,nan
1.200000000000000000e+01,1.000000000000000000e+03,5.000000000000000000e+02,5.000000000000000000e+01,0.000000000000000000e+00,0.000000000000000000e+00,4.000000000000000000e+01,2.500000000000000000e+02,nan
2.900000000000000000e+01,1.000000000000000000e+03,5.000000000000000000e+02,5.000000000000000000e+01,2.000000000000000111e-01,1.000000000000000056e-01,2.000000000000000000e+01,5.000000000000000000e+02,6.122448979591832430e-02
2.900000000000000000e+01,1.000000000000000000e+03,5.000000000000000000e+02,5.000000000000000000e+01,2.000000000000000111e-01,1.000000000000000056e-01,3.000000000000000000e+01,5.000000000000000000e+02,8.163265306122446940e-02
2.900000000000000000e+01,1.000000000000000000e+03,5.000000000000000000e+02,5.000000000000000000e+01,2.000000000000000111e-01,1.000000000000000056e-01,4.000000000000000000e+01,5.000000000000000000e+02,8.163265306122446940e-02
1.200000000000000000e+01,1.000000000000000000e+03,5.000000000000000000e+02,5.000000000000000000e+01,0.000000000000000000e+00,0.000000000000000000e+00,6.000000000000000000e+01,2.500000000000000000e+02,nan
2.900000000000000000e+01,1.000000000000000000e+03,5.000000000000000000e+02,5.000000000000000000e+01,2.000000000000000111e-01,1.000000000000000056e-01,6.000000000000000000e+01,5.000000000000000000e+02,8.163265306122446940e-02
9.000000000000000000e+00,1.000000000000000000e+03,5.000000000000000000e+02,5.000000000000000000e+01,4.000000000000000222e-01,4.000000000000000222e-01,6.000000000000000000e+01,2.500000000000000000e+02,8.290155440414503918e-02
1.200000000000000000e+01,1.000000000000000000e+03,5.000000000000000000e+02,5.000000000000000000e+01,0.000000000000000000e+00,0.000000000000000000e+00,2.000000000000000000e+01,5.000000000000000000e+02,nan
1.200000000000000000e+01,1.000000000000000000e+03,5.000000000000000000e+02,5.000000000000000000e+01,0.000000000000000000e+00,0.000000000000000000e+00,3.000000000000000000e+01,5.000000000000000000e+02,nan
2.900000000000000000e+01,1.000000000000000000e+03,5.000000000000000000e+02,5.000000000000000000e+01,2.000000000000000111e-01,2.000000000000000111e-01,2.000000000000000000e+01,2.500000000000000000e+02,1.063829787234042978e-01
1.200000000000000000e+01,1.000000000000000000e+03,5.000000000000000000e+02,5.000000000000000000e+01,0.000000000000000000e+00,0.000000000000000000e+00,4.000000000000000000e+01,5.000000000000000000e+02,nan
2.900000000000000000e+01,1.000000000000000000e+03,5.000000000000000000e+02,5.000000000000000000e+01,2.000000000000000111e-01,2.000000000000000111e-01,3.000000000000000000e+01,2.500000000000000000e+02,1.170212765957446832e-01
1.200000000000000000e+01,1.000000000000000000e+03,5.000000000000000000e+02,5.000000000000000000e+01,0.000000000000000000e+00,0.000000000000000000e+00,6.000000000000000000e+01,5.000000000000000000e+02,nan
2.900000000000000000e+01,1.000000000000000000e+03,5.000000000000000000e+02,5.000000000000000000e+01,2.000000000000000111e-01,2.000000000000000111e-01,4.000000000000000000e+01,2.500000000000000000e+02,1.170212765957446832e-01
1.300000000000000000e+01,1.000000000000000000e+03,5.000000000000000000e+02,5.000000000000000000e+01,0.000000000000000000e+00,0.000000000000000000e+00,2.000000000000000000e+01,2.500000000000000000e+02,nan
1.300000000000000000e+01,1.000000000000000000e+03,5.000000000000000000e+02,5.000000000000000000e+01,0.000000000000000000e+00,0.000000000000000000e+00,3.000000000000000000e+01,2.500000000000000000e+02,nan
1.300000000000000000e+01,1.000000000000000000e+03,5.000000000000000000e+02,5.000000000000000000e+01,0.000000000000000000e+00,0.000000000000000000e+00,4.000000000000000000e+01,2.500000000000000000e+02,nan
2.900000000000000000e+01,1.000000000000000000e+03,5.000000000000000000e+02,5.000000000000000000e+01,2.000000000000000111e-01,2.000000000000000111e-01,6.000000000000000000e+01,2.500000000000000000e+02,1.276595744680850686e-01
1.300000000000000000e+01,1.000000000000000000e+03,5.000000000000000000e+02,5.000000000000000000e+01,0.000000000000000000e+00,0.000000000000000000e+00,6.000000000000000000e+01,2.500000000000000000e+02,nan
1.300000000000000000e+01,1.000000000000000000e+03,5.000000000000000000e+02,5.000000000000000000e+01,0.000000000000000000e+00,0.000000000000000000e+00,2.000000000000000000e+01,5.000000000000000000e+02,nan
1.300000000000000000e+01,1.000000000000000000e+03,5.000000000000000000e+02,5.000000000000000000e+01,0.000000000000000000e+00,0.000000000000000000e+00,3.000000000000000000e+01,5.000000000000000000e+02,nan
2.900000000000000000e+01,1.000000000000000000e+03,5.000000000000000000e+02,5.000000000000000000e+01,2.000000000000000111e-01,2.000000000000000111e-01,2.000000000000000000e+01,5.000000000000000000e+02,1.063829787234042978e-01
1.300000000000000000e+01,1.000000000000000000e+03,5.000000000000000000e+02,5.000000000000000000e+01,0.000000000000000000e+00,0.000000000000000000e+00,4.000000000000000000e+01,5.000000000000000000e+02,nan
2.900000000000000000e+01,1.000000000000000000e+03,5.000000000000000000e+02,5.000000000000000000e+01,2.000000000000000111e-01,2.000000000000000111e-01,3.000000000000000000e+01,5.000000000000000000e+02,1.063829787234042978e-01
1.300000000000000000e+01,1.000000000000000000e+03,5.000000000000000000e+02,5.000000000000000000e+01,0.000000000000000000e+00,0.000000000000000000e+00,6.000000000000000000e+01,5.000000000000000000e+02,nan
1.400000000000000000e+01,1.000000000000000000e+03,5.000000000000000000e+02,5.000000000000000000e+01,0.000000000000000000e+00,0.000000000000000000e+00,2.000000000000000000e+01,2.500000000000000000e+02,nan
9.000000000000000000e+00,1.000000000000000000e+03,5.000000000000000000e+02,5.000000000000000000e+01,4.000000000000000222e-01,4.000000000000000222e-01,2.000000000000000000e+01,5.000000000000000000e+02,4.663212435233166087e-02
2.900000000000000000e+01,1.000000000000000000e+03,5.000000000000000000e+02,5.000000000000000000e+01,2.000000000000000111e-01,2.000000000000000111e-01,4.000000000000000000e+01,5.000000000000000000e+02,1.063829787234042978e-01
1.400000000000000000e+01,1.000000000000000000e+03,5.000000000000000000e+02,5.000000000000000000e+01,0.000000000000000000e+00,0.000000000000000000e+00,3.000000000000000000e+01,2.500000000000000000e+02,nan
1.400000000000000000e+01,1.000000000000000000e+03,5.000000000000000000e+02,5.000000000000000000e+01,0.000000000000000000e+00,0.000000000000000000e+00,4.000000000000000000e+01,2.500000000000000000e+02,nan
1.400000000000000000e+01,1.000000000000000000e+03,5.000000000000000000e+02,5.000000000000000000e+01,0.000000000000000000e+00,0.000000000000000000e+00,6.000000000000000000e+01,2.500000000000000000e+02,nan
1.400000000000000000e+01,1.000000000000000000e+03,5.000000000000000000e+02,5.000000000000000000e+01,0.000000000000000000e+00,0.000000000000000000e+00,2.000000000000000000e+01,5.000000000000000000e+02,nan
2.900000000000000000e+01,1.000000000000000000e+03,5.000000000000000000e+02,5.000000000000000000e+01,2.000000000000000111e-01,2.000000000000000111e-01,6.000000000000000000e+01,5.000000000000000000e+02,1.063829787234042978e-01
1.400000000000000000e+01,1.000000000000000000e+03,5.000000000000000000e+02,5.000000000000000000e+01,0.000000000000000000e+00,0.000000000000000000e+00,3.000000000000000000e+01,5.000000000000000000e+02,nan
1.400000000000000000e+01,1.000000000000000000e+03,5.000000000000000000e+02,5.000000000000000000e+01,0.000000000000000000e+00,0.000000000000000000e+00,4.000000000000000000e+01,5.000000000000000000e+02,nan
1.400000000000000000e+01,1.000000000000000000e+03,5.000000000000000000e+02,5.000000000000000000e+01,0.000000000000000000e+00,0.000000000000000000e+00,6.000000000000000000e+01,5.000000000000000000e+02,nan
1.500000000000000000e+01,1.000000000000000000e+03,5.000000000000000000e+02,5.000000000000000000e+01,0.000000000000000000e+00,0.000000000000000000e+00,2.000000000000000000e+01,2.500000000000000000e+02,nan
1.500000000000000000e+01,1.000000000000000000e+03,5.000000000000000000e+02,5.000000000000000000e+01,0.000000000000000000e+00,0.000000000000000000e+00,3.000000000000000000e+01,2.500000000000000000e+02,nan
1.500000000000000000e+01,1.000000000000000000e+03,5.000000000000000000e+02,5.000000000000000000e+01,0.000000000000000000e+00,0.000000000000000000e+00,4.000000000000000000e+01,2.500000000000000000e+02,nan
2.900000000000000000e+01,1.000000000000000000e+03,5.000000000000000000e+02,5.000000000000000000e+01,2.000000000000000111e-01,4.000000000000000222e-01,2.000000000000000000e+01,2.500000000000000000e+02,1.047120418848167533e-01
1.500000000000000000e+01,1.000000000000000000e+03,5.000000000000000000e+02,5.000000000000000000e+01,0.000000000000000000e+00,0.000000000000000000e+00,6.000000000000000000e+01,2.500000000000000000e+02,nan
9.000000000000000000e+00,1.000000000000000000e+03,5.000000000000000000e+02,5.000000000000000000e+01,4.000000000000000222e-01,4.000000000000000222e-01,3.000000000000000000e+01,5.000000000000000000e+02,4.145077720207257510e-02
1.500000000000000000e+01,1.000000000000000000e+03,5.000000000000000000e+02,5.000000000000000000e+01,0.000000000000000000e+00,0.000000000000000000e+00,2.000000000000000000e+01,5.000000000000000000e+02,nan
2.900000000000000000e+01,1.000000000000000000e+03,5.000000000000000000e+02,5.000000000000000000e+01,2.000000000000000111e-01,4.000000000000000222e-01,3.000000000000000000e+01,2.500000000000000000e+02,1.151832460732984398e-01
1.500000000000000000e+01,1.000000000000000000e+03,5.000000000000000000e+02,5.000000000000000000e+01,0.000000000000000000e+00,0.000000000000000000e+00,3.000000000000000000e+01,5.000000000000000000e+02,nan
1.500000000000000000e+01,1.000000000000000000e+03,5.000000000000000000e+02,5.000000000000000000e+01,0.000000000000000000e+00,0.000000000000000000e+00,4.000000000000000000e+01,5.000000000000000000e+02,nan
2.900000000000000000e+01,1.000000000000000000e+03,5.000000000000000000e+02,5.000000000000000000e+01,2.000000000000000111e-01,4.000000000000000222e-01,4.000000000000000000e+01,2.500000000000000000e+02,1.151832460732984398e-01
1.500000000000000000e+01,1.000000000000000000e+03,5.000000000000000000e+02,5.000000000000000000e+01,0.000000000000000000e+00,0.000000000000000000e+00,6.000000000000000000e+01,5.000000000000000000e+02,nan
1.600000000000000000e+01,1.000000000000000000e+03,5.000000000000000000e+02,5.000000000000000000e+01,0.000000000000000000e+00,0.000000000000000000e+00,2.000000000000000000e+01,2.500000000000000000e+02,nan
1.600000000000000000e+01,1.000000000000000000e+03,5.000000000000000000e+02,5.000000000000000000e+01,0.000000000000000000e+00,0.000000000000000000e+00,3.000000000000000000e+01,2.500000000000000000e+02,nan
1.600000000000000000e+01,1.000000000000000000e+03,5.000000000000000000e+02,5.000000000000000000e+01,0.000000000000000000e+00,0.000000000000000000e+00,4.000000000000000000e+01,2.500000000000000000e+02,nan
2.900000000000000000e+01,1.000000000000000000e+03,5.000000000000000000e+02,5.000000000000000000e+01,2.000000000000000111e-01,4.000000000000000222e-01,6.000000000000000000e+01,2.500000000000000000e+02,1.151832460732984398e-01
1.600000000000000000e+01,1.000000000000000000e+03,5.000000000000000000e+02,5.000000000000000000e+01,0.000000000000000000e+00,0.000000000000000000e+00,6.000000000000000000e+01,2.500000000000000000e+02,nan
9.000000000000000000e+00,1.000000000000000000e+03,5.000000000000000000e+02,5.000000000000000000e+01,4.000000000000000222e-01,4.000000000000000222e-01,4.000000000000000000e+01,5.000000000000000000e+02,4.145077720207257510e-02
1.600000000000000000e+01,1.000000000000000000e+03,5.000000000000000000e+02,5.000000000000000000e+01,0.000000000000000000e+00,0.000000000000000000e+00,2.000000000000000000e+01,5.000000000000000000e+02,nan
1.600000000000000000e+01,1.000000000000000000e+03,5.000000000000000000e+02,5.000000000000000000e+01,0.000000000000000000e+00,0.000000000000000000e+00,3.000000000000000000e+01,5.000000000000000000e+02,nan
2.900000000000000000e+01,1.000000000000000000e+03,5.000000000000000000e+02,5.000000000000000000e+01,2.000000000000000111e-01,4.000000000000000222e-01,2.000000000000000000e+01,5.000000000000000000e+02,2.041884816753927190e-01
1.600000000000000000e+01,1.000000000000000000e+03,5.000000000000000000e+02,5.000000000000000000e+01,0.000000000000000000e+00,0.000000000000000000e+00,4.000000000000000000e+01,5.000000000000000000e+02,nan
2.900000000000000000e+01,1.000000000000000000e+03,5.000000000000000000e+02,5.000000000000000000e+01,2.000000000000000111e-01,4.000000000000000222e-01,3.000000000000000000e+01,5.000000000000000000e+02,1.780104712041884474e-01
1.600000000000000000e+01,1.000000000000000000e+03,5.000000000000000000e+02,5.000000000000000000e+01,0.000000000000000000e+00,0.000000000000000000e+00,6.000000000000000000e+01,5.000000000000000000e+02,nan
1.700000000000000000e+01,1.000000000000000000e+03,5.000000000000000000e+02,5.000000000000000000e+01,0.000000000000000000e+00,0.000000000000000000e+00,2.000000000000000000e+01,2.500000000000000000e+02,nan
1.700000000000000000e+01,1.000000000000000000e+03,5.000000000000000000e+02,5.000000000000000000e+01,0.000000000000000000e+00,0.000000000000000000e+00,3.000000000000000000e+01,2.500000000000000000e+02,nan
2.900000000000000000e+01,1.000000000000000000e+03,5.000000000000000000e+02,5.000000000000000000e+01,2.000000000000000111e-01,4.000000000000000222e-01,4.000000000000000000e+01,5.000000000000000000e+02,1.727748691099476597e-01
1.700000000000000000e+01,1.000000000000000000e+03,5.000000000000000000e+02,5.000000000000000000e+01,0.000000000000000000e+00,0.000000000000000000e+00,4.000000000000000000e+01,2.500000000000000000e+02,nan
1.700000000000000000e+01,1.000000000000000000e+03,5.000000000000000000e+02,5.000000000000000000e+01,0.000000000000000000e+00,0.000000000000000000e+00,6.000000000000000000e+01,2.500000000000000000e+02,nan
1.700000000000000000e+01,1.000000000000000000e+03,5.000000000000000000e+02,5.000000000000000000e+01,0.000000000000000000e+00,0.000000000000000000e+00,2.000000000000000000e+01,5.000000000000000000e+02,nan
1.700000000000000000e+01,1.000000000000000000e+03,5.000000000000000000e+02,5.000000000000000000e+01,0.000000000000000000e+00,0.000000000000000000e+00,3.000000000000000000e+01,5.000000000000000000e+02,nan
2.900000000000000000e+01,1.000000000000000000e+03,5.000000000000000000e+02,5.000000000000000000e+01,2.000000000000000111e-01,4.000000000000000222e-01,6.000000000000000000e+01,5.000000000000000000e+02,1.518324607329842868e-01
1.700000000000000000e+01,1.000000000000000000e+03,5.000000000000000000e+02,5.000000000000000000e+01,0.000000000000000000e+00,0.000000000000000000e+00,4.000000000000000000e+01,5.000000000000000000e+02,nan
1.700000000000000000e+01,1.000000000000000000e+03,5.000000000000000000e+02,5.000000000000000000e+01,0.000000000000000000e+00,0.000000000000000000e+00,6.000000000000000000e+01,5.000000000000000000e+02,nan
2.900000000000000000e+01,1.000000000000000000e+03,5.000000000000000000e+02,5.000000000000000000e+01,4.000000000000000222e-01,1.000000000000000056e-01,2.000000000000000000e+01,2.500000000000000000e+02,4.081632653061229021e-02
9.000000000000000000e+00,1.000000000000000000e+03,5.000000000000000000e+02,5.000000000000000000e+01,4.000000000000000222e-01,4.000000000000000222e-01,6.000000000000000000e+01,5.000000000000000000e+02,4.663212435233166087e-02
2.900000000000000000e+01,1.000000000000000000e+03,5.000000000000000000e+02,5.000000000000000000e+01,4.000000000000000222e-01,1.000000000000000056e-01,3.000000000000000000e+01,2.500000000000000000e+02,4.081632653061229021e-02
2.900000000000000000e+01,1.000000000000000000e+03,5.000000000000000000e+02,5.000000000000000000e+01,4.000000000000000222e-01,1.000000000000000056e-01,4.000000000000000000e+01,2.500000000000000000e+02,4.081632653061229021e-02
2.900000000000000000e+01,1.000000000000000000e+03,5.000000000000000000e+02,5.000000000000000000e+01,4.000000000000000222e-01,1.000000000000000056e-01,6.000000000000000000e+01,2.500000000000000000e+02,4.081632653061229021e-02
2.900000000000000000e+01,1.000000000000000000e+03,5.000000000000000000e+02,5.000000000000000000e+01,4.000000000000000222e-01,1.000000000000000056e-01,2.000000000000000000e+01,5.000000000000000000e+02,4.081632653061229021e-02
2.900000000000000000e+01,1.000000000000000000e+03,5.000000000000000000e+02,5.000000000000000000e+01,4.000000000000000222e-01,1.000000000000000056e-01,3.000000000000000000e+01,5.000000000000000000e+02,4.081632653061229021e-02
2.900000000000000000e+01,1.000000000000000000e+03,5.000000000000000000e+02,5.000000000000000000e+01,4.000000000000000222e-01,1.000000000000000056e-01,4.000000000000000000e+01,5.000000000000000000e+02,4.081632653061229021e-02
2.900000000000000000e+01,1.000000000000000000e+03,5.000000000000000000e+02,5.000000000000000000e+01,4.000000000000000222e-01,1.000000000000000056e-01,6.000000000000000000e+01,5.000000000000000000e+02,4.081632653061229021e-02
2.900000000000000000e+01,1.000000000000000000e+03,5.000000000000000000e+02,5.000000000000000000e+01,4.000000000000000222e-01,2.000000000000000111e-01,2.000000000000000000e+01,2.500000000000000000e+02,3.020833333333333703e-01
2.900000000000000000e+01,1.000000000000000000e+03,5.000000000000000000e+02,5.000000000000000000e+01,4.000000000000000222e-01,2.000000000000000111e-01,3.000000000000000000e+01,2.500000000000000000e+02,2.083333333333333703e-01
2.900000000000000000e+01,1.000000000000000000e+03,5.000000000000000000e+02,5.000000000000000000e+01,4.000000000000000222e-01,2.000000000000000111e-01,4.000000000000000000e+01,2.500000000000000000e+02,2.500000000000000000e-01
2.900000000000000000e+01,1.000000000000000000e+03,5.000000000000000000e+02,5.000000000000000000e+01,4.000000000000000222e-01,2.000000000000000111e-01,6.000000000000000000e+01,2.500000000000000000e+02,2.291666666666666297e-01
2.900000000000000000e+01,1.000000000000000000e+03,5.000000000000000000e+02,5.000000000000000000e+01,4.000000000000000222e-01,2.000000000000000111e-01,2.000000000000000000e+01,5.000000000000000000e+02,2.812500000000000000e-01
2.900000000000000000e+01,1.000000000000000000e+03,5.000000000000000000e+02,5.000000000000000000e+01,4.000000000000000222e-01,2.000000000000000111e-01,3.000000000000000000e+01,5.000000000000000000e+02,1.458333333333333703e-01
2.900000000000000000e+01,1.000000000000000000e+03,5.000000000000000000e+02,5.000000000000000000e+01,4.000000000000000222e-01,2.000000000000000111e-01,4.000000000000000000e+01,5.000000000000000000e+02,1.354166666666666297e-01
2.900000000000000000e+01,1.000000000000000000e+03,5.000000000000000000e+02,5.000000000000000000e+01,4.000000000000000222e-01,2.000000000000000111e-01,6.000000000000000000e+01,5.000000000000000000e+02,1.666666666666666297e-01
1.800000000000000000e+01,1.000000000000000000e+03,5.000000000000000000e+02,5.000000000000000000e+01,0.000000000000000000e+00,0.000000000000000000e+00,2.000000000000000000e+01,2.500000000000000000e+02,nan
1.800000000000000000e+01,1.000000000000000000e+03,5.000000000000000000e+02,5.000000000000000000e+01,0.000000000000000000e+00,0.000000000000000000e+00,3.000000000000000000e+01,2.500000000000000000e+02,nan
2.900000000000000000e+01,1.000000000000000000e+03,5.000000000000000000e+02,5.000000000000000000e+01,4.000000000000000222e-01,4.000000000000000222e-01,2.000000000000000000e+01,2.500000000000000000e+02,3.664921465968584702e-02
1.800000000000000000e+01,1.000000000000000000e+03,5.000000000000000000e+02,5.000000000000000000e+01,0.000000000000000000e+00,0.000000000000000000e+00,4.000000000000000000e+01,2.500000000000000000e+02,nan
2.900000000000000000e+01,1.000000000000000000e+03,5.000000000000000000e+02,5.000000000000000000e+01,4.000000000000000222e-01,4.000000000000000222e-01,3.000000000000000000e+01,2.500000000000000000e+02,4.712041884816753345e-02
2.900000000000000000e+01,1.000000000000000000e+03,5.000000000000000000e+02,5.000000000000000000e+01,4.000000000000000222e-01,4.000000000000000222e-01,4.000000000000000000e+01,2.500000000000000000e+02,5.235602094240843218e-02
1.800000000000000000e+01,1.000000000000000000e+03,5.000000000000000000e+02,5.000000000000000000e+01,0.000000000000000000e+00,0.000000000000000000e+00,6.000000000000000000e+01,2.500000000000000000e+02,nan
1.800000000000000000e+01,1.000000000000000000e+03,5.000000000000000000e+02,5.000000000000000000e+01,0.000000000000000000e+00,0.000000000000000000e+00,2.000000000000000000e+01,5.000000000000000000e+02,nan
1.800000000000000000e+01,1.000000000000000000e+03,5.000000000000000000e+02,5.000000000000000000e+01,0.000000000000000000e+00,0.000000000000000000e+00,3.000000000000000000e+01,5.000000000000000000e+02,nan
1.800000000000000000e+01,1.000000000000000000e+03,5.000000000000000000e+02,5.000000000000000000e+01,0.000000000000000000e+00,0.000000000000000000e+00,4.000000000000000000e+01,5.000000000000000000e+02,nan
2.900000000000000000e+01,1.000000000000000000e+03,5.000000000000000000e+02,5.000000000000000000e+01,4.000000000000000222e-01,4.000000000000000222e-01,6.000000000000000000e+01,2.500000000000000000e+02,5.759162303664921989e-02
1.800000000000000000e+01,1.000000000000000000e+03,5.000000000000000000e+02,5.000000000000000000e+01,0.000000000000000000e+00,0.000000000000000000e+00,6.000000000000000000e+01,5.000000000000000000e+02,nan
2.900000000000000000e+01,1.000000000000000000e+03,5.000000000000000000e+02,5.000000000000000000e+01,4.000000000000000222e-01,4.000000000000000222e-01,2.000000000000000000e+01,5.000000000000000000e+02,3.141361256544505931e-02
2.900000000000000000e+01,1.000000000000000000e+03,5.000000000000000000e+02,5.000000000000000000e+01,4.000000000000000222e-01,4.000000000000000222e-01,3.000000000000000000e+01,5.000000000000000000e+02,5.759162303664921989e-02
1.900000000000000000e+01,1.000000000000000000e+03,5.000000000000000000e+02,5.000000000000000000e+01,0.000000000000000000e+00,0.000000000000000000e+00,2.000000000000000000e+01,2.500000000000000000e+02,nan
2.900000000000000000e+01,1.000000000000000000e+03,5.000000000000000000e+02,5.000000000000000000e+01,4.000000000000000222e-01,4.000000000000000222e-01,4.000000000000000000e+01,5.000000000000000000e+02,6.806282722513090633e-02
1.900000000000000000e+01,1.000000000000000000e+03,5.000000000000000000e+02,5.000000000000000000e+01,0.000000000000000000e+00,0.000000000000000000e+00,3.000000000000000000e+01,2.500000000000000000e+02,nan
2.900000000000000000e+01,1.000000000000000000e+03,5.000000000000000000e+02,5.000000000000000000e+01,4.000000000000000222e-01,4.000000000000000222e-01,6.000000000000000000e+01,5.000000000000000000e+02,6.806282722513090633e-02
2.000000000000000000e+01,1.000000000000000000e+03,5.000000000000000000e+02,5.000000000000000000e+01,0.000000000000000000e+00,0.000000000000000000e+00,2.000000000000000000e+01,2.500000000000000000e+02,nan
2.000000000000000000e+01,1.000000000000000000e+03,5.000000000000000000e+02,5.000000000000000000e+01,0.000000000000000000e+00,0.000000000000000000e+00,3.000000000000000000e+01,2.500000000000000000e+02,nan
2.000000000000000000e+01,1.000000000000000000e+03,5.000000000000000000e+02,5.000000000000000000e+01,0.000000000000000000e+00,0.000000000000000000e+00,4.000000000000000000e+01,2.500000000000000000e+02,nan
2.000000000000000000e+01,1.000000000000000000e+03,5.000000000000000000e+02,5.000000000000000000e+01,0.000000000000000000e+00,0.000000000000000000e+00,6.000000000000000000e+01,2.500000000000000000e+02,nan
2.000000000000000000e+01,1.000000000000000000e+03,5.000000000000000000e+02,5.000000000000000000e+01,0.000000000000000000e+00,0.000000000000000000e+00,2.000000000000000000e+01,5.000000000000000000e+02,nan
1.900000000000000000e+01,1.000000000000000000e+03,5.000000000000000000e+02,5.000000000000000000e+01,0.000000000000000000e+00,0.000000000000000000e+00,4.000000000000000000e+01,2.500000000000000000e+02,nan
2.000000000000000000e+01,1.000000000000000000e+03,5.000000000000000000e+02,5.000000000000000000e+01,0.000000000000000000e+00,0.000000000000000000e+00,3.000000000000000000e+01,5.000000000000000000e+02,nan
2.000000000000000000e+01,1.000000000000000000e+03,5.000000000000000000e+02,5.000000000000000000e+01,0.000000000000000000e+00,0.000000000000000000e+00,4.000000000000000000e+01,5.000000000000000000e+02,nan
2.000000000000000000e+01,1.000000000000000000e+03,5.000000000000000000e+02,5.000000000000000000e+01,0.000000000000000000e+00,0.000000000000000000e+00,6.000000000000000000e+01,5.000000000000000000e+02,nan
2.100000000000000000e+01,1.000000000000000000e+03,5.000000000000000000e+02,5.000000000000000000e+01,0.000000000000000000e+00,0.000000000000000000e+00,2.000000000000000000e+01,2.500000000000000000e+02,nan
2.100000000000000000e+01,1.000000000000000000e+03,5.000000000000000000e+02,5.000000000000000000e+01,0.000000000000000000e+00,0.000000000000000000e+00,3.000000000000000000e+01,2.500000000000000000e+02,nan
2.100000000000000000e+01,1.000000000000000000e+03,5.000000000000000000e+02,5.000000000000000000e+01,0.000000000000000000e+00,0.000000000000000000e+00,4.000000000000000000e+01,2.500000000000000000e+02,nan
1.900000000000000000e+01,1.000000000000000000e+03,5.000000000000000000e+02,5.000000000000000000e+01,0.000000000000000000e+00,0.000000000000000000e+00,6.000000000000000000e+01,2.500000000000000000e+02,nan
2.100000000000000000e+01,1.000000000000000000e+03,5.000000000000000000e+02,5.000000000000000000e+01,0.000000000000000000e+00,0.000000000000000000e+00,6.000000000000000000e+01,2.500000000000000000e+02,nan
1.900000000000000000e+01,1.000000000000000000e+03,5.000000000000000000e+02,5.000000000000000000e+01,0.000000000000000000e+00,0.000000000000000000e+00,2.000000000000000000e+01,5.000000000000000000e+02,nan
1.900000000000000000e+01,1.000000000000000000e+03,5.000000000000000000e+02,5.000000000000000000e+01,0.000000000000000000e+00,0.000000000000000000e+00,3.000000000000000000e+01,5.000000000000000000e+02,nan
2.100000000000000000e+01,1.000000000000000000e+03,5.000000000000000000e+02,5.000000000000000000e+01,0.000000000000000000e+00,0.000000000000000000e+00,2.000000000000000000e+01,5.000000000000000000e+02,nan
2.100000000000000000e+01,1.000000000000000000e+03,5.000000000000000000e+02,5.000000000000000000e+01,0.000000000000000000e+00,0.000000000000000000e+00,3.000000000000000000e+01,5.000000000000000000e+02,nan
1.900000000000000000e+01,1.000000000000000000e+03,5.000000000000000000e+02,5.000000000000000000e+01,0.000000000000000000e+00,0.000000000000000000e+00,4.000000000000000000e+01,5.000000000000000000e+02,nan
2.100000000000000000e+01,1.000000000000000000e+03,5.000000000000000000e+02,5.000000000000000000e+01,0.000000000000000000e+00,0.000000000000000000e+00,4.000000000000000000e+01,5.000000000000000000e+02,nan
2.100000000000000000e+01,1.000000000000000000e+03,5.000000000000000000e+02,5.000000000000000000e+01,0.000000000000000000e+00,0.000000000000000000e+00,6.000000000000000000e+01,5.000000000000000000e+02,nan
1.900000000000000000e+01,1.000000000000000000e+03,5.000000000000000000e+02,5.000000000000000000e+01,0.000000000000000000e+00,0.000000000000000000e+00,6.000000000000000000e+01,5.000000000000000000e+02,nan
2.200000000000000000e+01,1.000000000000000000e+03,5.000000000000000000e+02,5.000000000000000000e+01,0.000000000000000000e+00,0.000000000000000000e+00,2.000000000000000000e+01,2.500000000000000000e+02,nan
2.200000000000000000e+01,1.000000000000000000e+03,5.000000000000000000e+02,5.000000000000000000e+01,0.000000000000000000e+00,0.000000000000000000e+00,3.000000000000000000e+01,2.500000000000000000e+02,nan
2.200000000000000000e+01,1.000000000000000000e+03,5.000000000000000000e+02,5.000000000000000000e+01,0.000000000000000000e+00,0.000000000000000000e+00,4.000000000000000000e+01,2.500000000000000000e+02,nan
2.200000000000000000e+01,1.000000000000000000e+03,5.000000000000000000e+02,5.000000000000000000e+01,0.000000000000000000e+00,0.000000000000000000e+00,6.000000000000000000e+01,2.500000000000000000e+02,nan
2.200000000000000000e+01,1.000000000000000000e+03,5.000000000000000000e+02,5.000000000000000000e+01,0.000000000000000000e+00,0.000000000000000000e+00,2.000000000000000000e+01,5.000000000000000000e+02,nan
2.200000000000000000e+01,1.000000000000000000e+03,5.000000000000000000e+02,5.000000000000000000e+01,0.000000000000000000e+00,0.000000000000000000e+00,3.000000000000000000e+01,5.000000000000000000e+02,nan
2.200000000000000000e+01,1.000000000000000000e+03,5.000000000000000000e+02,5.000000000000000000e+01,0.000000000000000000e+00,0.000000000000000000e+00,4.000000000000000000e+01,5.000000000000000000e+02,nan
2.200000000000000000e+01,1.000000000000000000e+03,5.000000000000000000e+02,5.000000000000000000e+01,0.000000000000000000e+00,0.000000000000000000e+00,6.000000000000000000e+01,5.000000000000000000e+02,nan
2.300000000000000000e+01,1.000000000000000000e+03,5.000000000000000000e+02,5.000000000000000000e+01,0.000000000000000000e+00,0.000000000000000000e+00,2.000000000000000000e+01,2.500000000000000000e+02,nan
2.300000000000000000e+01,1.000000000000000000e+03,5.000000000000000000e+02,5.000000000000000000e+01,0.000000000000000000e+00,0.000000000000000000e+00,3.000000000000000000e+01,2.500000000000000000e+02,nan
2.300000000000000000e+01,1.000000000000000000e+03,5.000000000000000000e+02,5.000000000000000000e+01,0.000000000000000000e+00,0.000000000000000000e+00,4.000000000000000000e+01,2.500000000000000000e+02,nan
2.300000000000000000e+01,1.000000000000000000e+03,5.000000000000000000e+02,5.000000000000000000e+01,0.000000000000000000e+00,0.000000000000000000e+00,6.000000000000000000e+01,2.500000000000000000e+02,nan
2.300000000000000000e+01,1.000000000000000000e+03,5.000000000000000000e+02,5.000000000000000000e+01,0.000000000000000000e+00,0.000000000000000000e+00,2.000000000000000000e+01,5.000000000000000000e+02,nan
2.300000000000000000e+01,1.000000000000000000e+03,5.000000000000000000e+02,5.000000000000000000e+01,0.000000000000000000e+00,0.000000000000000000e+00,3.000000000000000000e+01,5.000000000000000000e+02,nan
2.300000000000000000e+01,1.000000000000000000e+03,5.000000000000000000e+02,5.000000000000000000e+01,0.000000000000000000e+00,0.000000000000000000e+00,4.000000000000000000e+01,5.000000000000000000e+02,nan
2.300000000000000000e+01,1.000000000000000000e+03,5.000000000000000000e+02,5.000000000000000000e+01,0.000000000000000000e+00,0.000000000000000000e+00,6.000000000000000000e+01,5.000000000000000000e+02,nan
2.400000000000000000e+01,1.000000000000000000e+03,5.000000000000000000e+02,5.000000000000000000e+01,0.000000000000000000e+00,0.000000000000000000e+00,2.000000000000000000e+01,2.500000000000000000e+02,nan
2.400000000000000000e+01,1.000000000000000000e+03,5.000000000000000000e+02,5.000000000000000000e+01,0.000000000000000000e+00,0.000000000000000000e+00,3.000000000000000000e+01,2.500000000000000000e+02,nan
2.400000000000000000e+01,1.000000000000000000e+03,5.000000000000000000e+02,5.000000000000000000e+01,0.000000000000000000e+00,0.000000000000000000e+00,4.000000000000000000e+01,2.500000000000000000e+02,nan
2.400000000000000000e+01,1.000000000000000000e+03,5.000000000000000000e+02,5.000000000000000000e+01,0.000000000000000000e+00,0.000000000000000000e+00,6.000000000000000000e+01,2.500000000000000000e+02,nan
2.400000000000000000e+01,1.000000000000000000e+03,5.000000000000000000e+02,5.000000000000000000e+01,0.000000000000000000e+00,0.000000000000000000e+00,2.000000000000000000e+01,5.000000000000000000e+02,nan
2.400000000000000000e+01,1.000000000000000000e+03,5.000000000000000000e+02,5.000000000000000000e+01,0.000000000000000000e+00,0.000000000000000000e+00,3.000000000000000000e+01,5.000000000000000000e+02,nan
2.400000000000000000e+01,1.000000000000000000e+03,5.000000000000000000e+02,5.000000000000000000e+01,0.000000000000000000e+00,0.000000000000000000e+00,4.000000000000000000e+01,5.000000000000000000e+02,nan
2.400000000000000000e+01,1.000000000000000000e+03,5.000000000000000000e+02,5.000000000000000000e+01,0.000000000000000000e+00,0.000000000000000000e+00,6.000000000000000000e+01,5.000000000000000000e+02,nan
2.500000000000000000e+01,1.000000000000000000e+03,5.000000000000000000e+02,5.000000000000000000e+01,0.000000000000000000e+00,0.000000000000000000e+00,2.000000000000000000e+01,2.500000000000000000e+02,nan
2.500000000000000000e+01,1.000000000000000000e+03,5.000000000000000000e+02,5.000000000000000000e+01,0.000000000000000000e+00,0.000000000000000000e+00,3.000000000000000000e+01,2.500000000000000000e+02,nan
2.500000000000000000e+01,1.000000000000000000e+03,5.000000000000000000e+02,5.000000000000000000e+01,0.000000000000000000e+00,0.000000000000000000e+00,4.000000000000000000e+01,2.500000000000000000e+02,nan
2.500000000000000000e+01,1.000000000000000000e+03,5.000000000000000000e+02,5.000000000000000000e+01,0.000000000000000000e+00,0.000000000000000000e+00,6.000000000000000000e+01,2.500000000000000000e+02,nan
2.500000000000000000e+01,1.000000000000000000e+03,5.000000000000000000e+02,5.000000000000000000e+01,0.000000000000000000e+00,0.000000000000000000e+00,2.000000000000000000e+01,5.000000000000000000e+02,nan
2.500000000000000000e+01,1.000000000000000000e+03,5.000000000000000000e+02,5.000000000000000000e+01,0.000000000000000000e+00,0.000000000000000000e+00,3.000000000000000000e+01,5.000000000000000000e+02,nan
2.500000000000000000e+01,1.000000000000000000e+03,5.000000000000000000e+02,5.000000000000000000e+01,0.000000000000000000e+00,0.000000000000000000e+00,4.000000000000000000e+01,5.000000000000000000e+02,nan
2.500000000000000000e+01,1.000000000000000000e+03,5.000000000000000000e+02,5.000000000000000000e+01,0.000000000000000000e+00,0.000000000000000000e+00,6.000000000000000000e+01,5.000000000000000000e+02,nan
2.600000000000000000e+01,1.000000000000000000e+03,5.000000000000000000e+02,5.000000000000000000e+01,0.000000000000000000e+00,0.000000000000000000e+00,2.000000000000000000e+01,2.500000000000000000e+02,nan
2.600000000000000000e+01,1.000000000000000000e+03,5.000000000000000000e+02,5.000000000000000000e+01,0.000000000000000000e+00,0.000000000000000000e+00,3.000000000000000000e+01,2.500000000000000000e+02,nan
2.600000000000000000e+01,1.000000000000000000e+03,5.000000000000000000e+02,5.000000000000000000e+01,0.000000000000000000e+00,0.000000000000000000e+00,4.000000000000000000e+01,2.500000000000000000e+02,nan
2.600000000000000000e+01,1.000000000000000000e+03,5.000000000000000000e+02,5.000000000000000000e+01,0.000000000000000000e+00,0.000000000000000000e+00,6.000000000000000000e+01,2.500000000000000000e+02,nan
2.600000000000000000e+01,1.000000000000000000e+03,5.000000000000000000e+02,5.000000000000000000e+01,0.000000000000000000e+00,0.000000000000000000e+00,2.000000000000000000e+01,5.000000000000000000e+02,nan
2.600000000000000000e+01,1.000000000000000000e+03,5.000000000000000000e+02,5.000000000000000000e+01,0.000000000000000000e+00,0.000000000000000000e+00,3.000000000000000000e+01,5.000000000000000000e+02,nan
2.600000000000000000e+01,1.000000000000000000e+03,5.000000000000000000e+02,5.000000000000000000e+01,0.000000000000000000e+00,0.000000000000000000e+00,4.000000000000000000e+01,5.000000000000000000e+02,nan
2.600000000000000000e+01,1.000000000000000000e+03,5.000000000000000000e+02,5.000000000000000000e+01,0.000000000000000000e+00,0.000000000000000000e+00,6.000000000000000000e+01,5.000000000000000000e+02,nan
2.700000000000000000e+01,1.000000000000000000e+03,5.000000000000000000e+02,5.000000000000000000e+01,0.000000000000000000e+00,0.000000000000000000e+00,2.000000000000000000e+01,2.500000000000000000e+02,nan
2.700000000000000000e+01,1.000000000000000000e+03,5.000000000000000000e+02,5.000000000000000000e+01,0.000000000000000000e+00,0.000000000000000000e+00,3.000000000000000000e+01,2.500000000000000000e+02,nan
2.700000000000000000e+01,1.000000000000000000e+03,5.000000000000000000e+02,5.000000000000000000e+01,0.000000000000000000e+00,0.000000000000000000e+00,4.000000000000000000e+01,2.500000000000000000e+02,nan
2.700000000000000000e+01,1.000000000000000000e+03,5.000000000000000000e+02,5.000000000000000000e+01,0.000000000000000000e+00,0.000000000000000000e+00,6.000000000000000000e+01,2.500000000000000000e+02,nan
2.700000000000000000e+01,1.000000000000000000e+03,5.000000000000000000e+02,5.000000000000000000e+01,0.000000000000000000e+00,0.000000000000000000e+00,2.000000000000000000e+01,5.000000000000000000e+02,nan
2.700000000000000000e+01,1.000000000000000000e+03,5.000000000000000000e+02,5.000000000000000000e+01,0.000000000000000000e+00,0.000000000000000000e+00,3.000000000000000000e+01,5.000000000000000000e+02,nan
2.700000000000000000e+01,1.000000000000000000e+03,5.000000000000000000e+02,5.000000000000000000e+01,0.000000000000000000e+00,0.000000000000000000e+00,4.000000000000000000e+01,5.000000000000000000e+02,nan
2.700000000000000000e+01,1.000000000000000000e+03,5.000000000000000000e+02,5.000000000000000000e+01,0.000000000000000000e+00,0.000000000000000000e+00,6.000000000000000000e+01,5.000000000000000000e+02,nan
2.800000000000000000e+01,1.000000000000000000e+03,5.000000000000000000e+02,5.000000000000000000e+01,0.000000000000000000e+00,0.000000000000000000e+00,2.000000000000000000e+01,2.500000000000000000e+02,nan
2.800000000000000000e+01,1.000000000000000000e+03,5.000000000000000000e+02,5.000000000000000000e+01,0.000000000000000000e+00,0.000000000000000000e+00,3.000000000000000000e+01,2.500000000000000000e+02,nan
2.800000000000000000e+01,1.000000000000000000e+03,5.000000000000000000e+02,5.000000000000000000e+01,0.000000000000000000e+00,0.000000000000000000e+00,4.000000000000000000e+01,2.500000000000000000e+02,nan
2.800000000000000000e+01,1.000000000000000000e+03,5.000000000000000000e+02,5.000000000000000000e+01,0.000000000000000000e+00,0.000000000000000000e+00,6.000000000000000000e+01,2.500000000000000000e+02,nan
2.800000000000000000e+01,1.000000000000000000e+03,5.000000000000000000e+02,5.000000000000000000e+01,0.000000000000000000e+00,0.000000000000000000e+00,2.000000000000000000e+01,5.000000000000000000e+02,nan
2.800000000000000000e+01,1.000000000000000000e+03,5.000000000000000000e+02,5.000000000000000000e+01,0.000000000000000000e+00,0.000000000000000000e+00,3.000000000000000000e+01,5.000000000000000000e+02,nan
2.800000000000000000e+01,1.000000000000000000e+03,5.000000000000000000e+02,5.000000000000000000e+01,0.000000000000000000e+00,0.000000000000000000e+00,4.000000000000000000e+01,5.000000000000000000e+02,nan
2.800000000000000000e+01,1.000000000000000000e+03,5.000000000000000000e+02,5.000000000000000000e+01,0.000000000000000000e+00,0.000000000000000000e+00,6.000000000000000000e+01,5.000000000000000000e+02,nan
2.900000000000000000e+01,1.000000000000000000e+03,5.000000000000000000e+02,5.000000000000000000e+01,0.000000000000000000e+00,0.000000000000000000e+00,2.000000000000000000e+01,2.500000000000000000e+02,nan
2.900000000000000000e+01,1.000000000000000000e+03,5.000000000000000000e+02,5.000000000000000000e+01,0.000000000000000000e+00,0.000000000000000000e+00,3.000000000000000000e+01,2.500000000000000000e+02,nan
2.900000000000000000e+01,1.000000000000000000e+03,5.000000000000000000e+02,5.000000000000000000e+01,0.000000000000000000e+00,0.000000000000000000e+00,4.000000000000000000e+01,2.500000000000000000e+02,nan
2.900000000000000000e+01,1.000000000000000000e+03,5.000000000000000000e+02,5.000000000000000000e+01,0.000000000000000000e+00,0.000000000000000000e+00,6.000000000000000000e+01,2.500000000000000000e+02,nan
2.900000000000000000e+01,1.000000000000000000e+03,5.000000000000000000e+02,5.000000000000000000e+01,0.000000000000000000e+00,0.000000000000000000e+00,2.000000000000000000e+01,5.000000000000000000e+02,nan
2.900000000000000000e+01,1.000000000000000000e+03,5.000000000000000000e+02,5.000000000000000000e+01,0.000000000000000000e+00,0.000000000000000000e+00,3.000000000000000000e+01,5.000000000000000000e+02,nan
2.900000000000000000e+01,1.000000000000000000e+03,5.000000000000000000e+02,5.000000000000000000e+01,0.000000000000000000e+00,0.000000000000000000e+00,4.000000000000000000e+01,5.000000000000000000e+02,nan
2.900000000000000000e+01,1.000000000000000000e+03,5.000000000000000000e+02,5.000000000000000000e+01,0.000000000000000000e+00,0.000000000000000000e+00,6.000000000000000000e+01,5.000000000000000000e+02,nan
